0 64
0 76
0 99
0 108
0 120
0 127
0 138
0 156
0 157
0 180
0 189
0 219
0 221
0 228
0 232
0 263
0 267
0 296
0 335
0 337
0 366
0 373
0 376
0 385
0 459
0 466
0 567
0 581
0 679
0 685
0 687
0 714
0 740
0 743
0 754
0 759
0 766
0 782
0 798
0 829
0 833
0 836
0 841
0 882
0 890
0 891
0 912
0 942
0 964
0 985
0 956
0 534
0 188
0 845
0 437
0 30
0 885
0 271
0 487
0 45
0 879
0 198
0 605
0 54
0 412
0 152
0 563
0 874
0 668
0 184
0 128
0 153
0 427
0 428
0 467
0 643
0 598
0 440
0 149
0 592
0 146
0 148
0 848
0 262
0 214
0 277
0 927
0 883
0 725
0 321
0 91
0 478
0 934
0 348
0 945
0 43
0 125
0 248
0 916
0 720
0 405
0 404
0 61
0 770
0 66
0 114
0 95
0 1
0 21
0 26
0 60
0 49
0 514
0 31
0 67
0 426
0 768
0 726
0 452
0 155
0 5
0 571
0 17
0 307
0 10
0 8
0 15
0 919
0 777
1 58
1 63
1 78
1 146
1 197
1 215
1 245
1 269
1 271
1 332
1 335
1 343
1 385
1 484
1 602
1 631
1 679
1 706
1 710
1 715
1 739
1 753
1 788
1 829
1 840
1 852
1 907
1 974
1 494
1 597
1 561
1 736
1 520
1 207
1 375
1 521
1 437
1 133
1 906
1 752
1 605
1 115
1 255
1 46
1 83
1 104
1 174
1 297
1 428
1 128
1 184
1 555
1 427
1 487
1 547
1 214
1 757
1 305
1 102
1 112
1 123
1 248
1 388
1 35
1 449
1 26
1 393
1 546
1 927
1 837
1 277
1 219
1 725
1 672
1 18
1 286
1 95
1 15
1 637
1 290
1 223
1 222
1 242
1 203
1 92
1 44
1 508
1 111
1 805
1 204
1 341
1 916
1 36
1 865
1 867
1 444
1 116
1 7
1 33
1 11
1 45
1 130
1 514
1 60
1 843
1 54
1 70
1 803
1 326
1 361
2 28
2 50
2 52
2 58
2 82
2 92
2 100
2 107
2 109
2 117
2 118
2 128
2 129
2 134
2 150
2 153
2 163
2 171
2 178
2 180
2 210
2 213
2 237
2 269
2 287
2 291
2 293
2 304
2 305
2 311
2 319
2 350
2 373
2 422
2 428
2 431
2 450
2 485
2 488
2 495
2 507
2 534
2 577
2 612
2 614
2 623
2 628
2 641
2 698
2 753
2 793
2 843
2 955
2 961
2 976
2 700
2 580
2 170
2 975
2 473
2 520
2 29
2 51
2 94
2 73
2 25
2 332
2 526
2 724
2 31
2 272
2 906
2 424
2 46
2 198
2 83
2 470
2 427
2 884
2 668
2 326
2 69
2 806
2 827
2 359
2 66
2 979
2 990
2 142
2 940
2 476
2 315
2 740
2 856
2 802
2 333
2 38
2 397
2 484
2 917
2 45
2 837
2 927
2 901
2 489
2 140
2 106
2 637
2 725
2 16
2 218
2 452
2 820
2 671
2 934
2 290
2 203
2 253
2 174
2 415
2 137
2 11
2 421
2 743
2 12
2 18
2 899
2 343
2 355
2 353
2 386
2 437
2 271
3 41
3 42
3 77
3 128
3 164
3 205
3 216
3 259
3 287
3 346
3 392
3 464
3 536
3 537
3 661
3 737
3 748
3 777
3 870
3 736
3 28
3 252
3 273
3 810
3 437
3 735
3 272
3 18
3 730
3 51
3 60
3 883
3 860
3 55
3 397
3 837
3 17
3 933
3 637
3 595
3 219
3 328
3 465
3 768
3 820
3 671
3 250
3 481
3 15
3 143
3 644
3 54
3 43
3 853
3 200
3 945
3 947
3 248
3 916
3 16
4 18
4 21
4 59
4 69
4 71
4 99
4 124
4 139
4 149
4 194
4 210
4 211
4 216
4 219
4 273
4 282
4 291
4 342
4 365
4 408
4 440
4 443
4 446
4 493
4 686
4 764
4 774
4 850
4 953
4 973
4 488
4 42
4 73
4 678
4 565
4 487
4 735
4 250
4 906
4 29
4 523
4 53
4 352
4 150
4 637
4 763
4 753
4 708
4 760
4 557
4 627
4 281
4 326
4 633
4 654
4 806
4 642
4 356
4 785
4 944
4 634
4 321
4 91
4 855
4 669
4 786
4 916
4 55
4 923
4 94
4 152
4 496
4 44
4 301
4 824
4 207
4 374
4 729
4 9
4 60
4 7
4 14
5 57
5 62
5 80
5 90
5 104
5 117
5 128
5 134
5 151
5 172
5 186
5 194
5 199
5 216
5 217
5 227
5 243
5 261
5 262
5 267
5 278
5 313
5 334
5 350
5 354
5 362
5 374
5 392
5 393
5 401
5 406
5 408
5 417
5 418
5 443
5 447
5 448
5 475
5 522
5 526
5 533
5 578
5 581
5 603
5 612
5 621
5 702
5 752
5 761
5 769
5 789
5 801
5 806
5 828
5 840
5 845
5 851
5 877
5 914
5 947
5 960
5 974
5 987
5 988
5 775
5 946
5 520
5 473
5 366
5 518
5 966
5 252
5 266
5 176
5 210
5 92
5 77
5 430
5 440
5 879
5 277
5 289
5 257
5 523
5 412
5 142
5 871
5 240
5 112
5 265
5 181
5 60
5 378
5 990
5 654
5 684
5 372
5 608
5 96
5 160
5 166
5 597
5 180
5 907
5 148
5 259
5 184
5 489
5 837
5 397
5 294
5 505
5 91
5 725
5 407
5 207
5 234
5 208
5 481
5 122
5 569
5 353
5 672
5 669
5 606
5 439
5 27
5 171
5 331
5 483
5 146
5 340
5 600
5 945
5 248
5 290
5 932
5 132
5 198
5 115
5 344
5 31
5 455
5 424
5 44
5 610
5 884
5 899
5 743
5 808
5 114
5 42
5 37
5 635
5 209
5 56
5 54
5 69
5 43
5 741
5 583
5 102
5 150
5 309
5 390
5 548
5 103
5 21
5 827
5 67
5 395
5 59
5 420
5 983
5 14
5 7
5 571
5 12
5 321
5 17
5 326
5 49
5 357
5 800
5 572
5 18
5 556
5 196
5 456
5 73
6 24
6 38
6 44
6 54
6 82
6 111
6 126
6 133
6 138
6 147
6 148
6 160
6 167
6 185
6 199
6 202
6 209
6 213
6 217
6 244
6 267
6 278
6 280
6 299
6 308
6 331
6 408
6 414
6 438
6 446
6 467
6 472
6 485
6 497
6 503
6 517
6 528
6 550
6 556
6 593
6 616
6 658
6 672
6 676
6 724
6 740
6 746
6 752
6 775
6 791
6 801
6 815
6 817
6 820
6 831
6 833
6 884
6 939
6 945
6 947
6 494
6 170
6 700
6 437
6 53
6 123
6 230
6 169
6 78
6 177
6 34
6 210
6 318
6 373
6 257
6 906
6 272
6 64
6 523
6 83
6 255
6 104
6 470
6 128
6 142
6 251
6 41
6 146
6 643
6 269
6 928
6 641
6 27
6 45
6 84
6 140
6 190
6 77
6 60
6 156
6 57
6 74
6 262
6 505
6 121
6 838
6 692
6 162
6 80
6 452
6 348
6 934
6 120
6 122
6 669
6 512
6 268
6 229
6 56
6 161
6 174
6 916
6 47
6 340
6 39
6 66
6 770
6 29
6 40
6 533
6 781
6 225
6 94
6 339
6 238
6 12
6 28
6 436
6 296
6 218
6 996
6 93
6 135
6 105
6 21
6 309
6 329
6 866
6 150
6 103
6 337
6 420
6 15
6 983
6 386
6 17
6 7
6 729
6 8
6 919
6 14
6 219
6 343
7 49
7 77
7 80
7 86
7 90
7 91
7 95
7 96
7 126
7 139
7 143
7 148
7 149
7 152
7 171
7 172
7 176
7 184
7 200
7 239
7 242
7 257
7 261
7 298
7 324
7 334
7 377
7 378
7 404
7 411
7 442
7 452
7 472
7 494
7 524
7 561
7 562
7 592
7 633
7 688
7 703
7 769
7 773
7 795
7 829
7 835
7 909
7 924
7 935
7 952
7 984
7 946
7 775
7 366
7 800
7 208
7 44
7 160
7 547
7 417
7 147
7 24
7 491
7 72
7 127
7 191
7 268
7 352
7 164
7 618
7 443
7 128
7 84
7 270
7 166
7 821
7 641
7 196
7 27
7 20
7 534
7 190
7 43
7 41
7 820
7 259
7 901
7 546
7 397
7 860
7 393
7 219
7 726
7 135
7 672
7 348
7 569
7 855
7 637
7 786
7 669
7 415
7 667
7 499
7 750
7 403
7 250
7 929
7 558
7 723
7 345
7 186
7 867
7 28
7 238
7 56
7 428
7 26
7 296
7 16
7 706
7 275
7 523
7 343
7 158
7 231
7 335
7 390
7 11
7 574
7 457
7 756
7 30
7 75
7 13
7 711
7 407
7 371
7 137
7 869
7 628
7 567
7 827
7 59
7 165
7 155
7 347
7 9
7 8
7 17
7 307
7 14
7 500
7 660
7 23
7 10
7 729
7 646
7 15
7 19
7 321
7 896
7 103
8 24
8 44
8 53
8 60
8 65
8 71
8 81
8 88
8 89
8 112
8 120
8 134
8 137
8 140
8 157
8 172
8 179
8 185
8 213
8 236
8 246
8 249
8 255
8 266
8 271
8 274
8 278
8 334
8 355
8 362
8 365
8 381
8 389
8 395
8 399
8 410
8 422
8 438
8 448
8 489
8 495
8 503
8 537
8 553
8 570
8 571
8 630
8 635
8 642
8 651
8 654
8 727
8 728
8 737
8 788
8 827
8 861
8 921
8 930
8 940
8 952
8 959
8 208
8 520
8 366
8 473
8 548
8 312
8 159
8 760
8 177
8 751
8 31
8 474
8 29
8 429
8 578
8 627
8 164
8 80
8 665
8 135
8 636
8 346
8 240
8 198
8 409
8 338
8 94
8 146
8 52
8 84
8 142
8 372
8 628
8 310
8 446
8 928
8 397
8 38
8 336
8 333
8 706
8 189
8 841
8 534
8 505
8 156
8 595
8 933
8 259
8 637
8 465
8 264
8 73
8 203
8 204
8 351
8 200
8 32
8 303
8 563
8 286
8 419
8 577
8 341
8 723
8 929
8 284
8 414
8 403
8 20
8 302
8 639
8 796
8 383
8 147
8 283
8 545
8 923
8 242
8 432
8 781
8 61
8 711
8 569
8 17
8 743
8 15
8 95
8 114
8 40
8 357
8 186
8 380
8 924
8 426
8 880
8 210
8 511
8 323
8 243
8 758
8 69
8 76
8 793
8 941
8 225
8 74
8 766
8 21
8 22
8 13
8 201
8 67
8 301
8 109
8 14
8 420
8 508
8 321
8 777
8 19
8 729
8 555
8 18
8 957
8 919
8 219
8 68
9 46
9 49
9 51
9 54
9 57
9 59
9 63
9 77
9 83
9 85
9 87
9 99
9 103
9 112
9 113
9 123
9 135
9 173
9 174
9 177
9 179
9 193
9 194
9 228
9 238
9 244
9 253
9 254
9 260
9 271
9 272
9 286
9 313
9 325
9 356
9 366
9 402
9 463
9 545
9 562
9 565
9 576
9 577
9 581
9 586
9 636
9 643
9 645
9 675
9 697
9 790
9 804
9 853
9 867
9 885
9 926
9 953
9 960
9 946
9 169
9 520
9 984
9 213
9 506
9 966
9 835
9 749
9 104
9 198
9 115
9 131
9 716
9 100
9 62
9 965
9 181
9 269
9 808
9 378
9 201
9 608
9 446
9 628
9 890
9 979
9 500
9 291
9 397
9 917
9 690
9 595
9 637
9 156
9 124
9 553
9 559
9 768
9 452
9 347
9 478
9 972
9 934
9 122
9 120
9 569
9 284
9 27
9 108
9 137
9 923
9 301
9 623
9 158
9 66
9 45
9 242
9 770
9 17
9 16
9 26
9 42
9 93
9 996
9 279
9 266
9 56
9 342
9 105
9 414
9 226
9 69
9 757
9 73
9 741
9 150
9 444
9 866
9 574
9 30
9 593
9 13
9 423
9 60
9 31
9 21
9 460
9 536
9 241
9 19
9 611
9 390
9 548
9 188
9 445
9 307
9 15
9 571
9 983
9 670
9 14
9 283
9 701
9 78
9 38
9 182
10 13
10 31
10 60
10 62
10 64
10 101
10 111
10 121
10 133
10 138
10 150
10 154
10 156
10 168
10 183
10 203
10 215
10 219
10 252
10 257
10 269
10 274
10 307
10 310
10 315
10 316
10 334
10 376
10 400
10 409
10 426
10 433
10 528
10 533
10 553
10 555
10 606
10 610
10 617
10 632
10 697
10 733
10 767
10 823
10 896
10 912
10 940
10 983
10 996
10 391
10 736
10 520
10 342
10 39
10 55
10 120
10 210
10 318
10 255
10 978
10 415
10 763
10 558
10 637
10 708
10 758
10 753
10 781
10 115
10 225
10 803
10 20
10 383
10 432
10 94
10 108
10 338
10 766
10 547
10 146
10 541
10 116
10 798
10 928
10 608
10 372
10 29
10 510
10 820
10 184
10 262
10 57
10 80
10 692
10 140
10 135
10 452
10 478
10 127
10 430
10 853
10 249
10 380
10 302
10 290
10 132
10 516
10 85
10 37
10 583
10 757
10 760
10 25
10 261
10 931
10 59
10 567
10 827
10 21
10 628
10 869
10 337
10 420
10 188
10 325
10 644
10 162
10 379
10 63
10 119
10 777
10 919
11 24
11 29
11 44
11 46
11 64
11 88
11 108
11 119
11 167
11 179
11 184
11 188
11 211
11 293
11 303
11 313
11 359
11 364
11 391
11 397
11 399
11 451
11 456
11 524
11 527
11 547
11 589
11 615
11 704
11 764
11 805
11 812
11 817
11 872
11 888
11 913
11 976
11 996
11 748
11 54
11 381
11 724
11 271
11 422
11 735
11 424
11 164
11 41
11 142
11 60
11 294
11 875
11 725
11 321
11 419
11 79
11 382
11 341
11 286
11 20
11 916
11 947
11 655
11 128
11 771
11 15
11 180
11 357
11 90
11 186
11 18
11 457
11 756
11 444
11 75
11 866
11 92
11 109
11 212
11 185
11 38
11 854
11 94
11 593
11 442
11 67
11 829
11 165
11 152
11 281
11 16
12 13
12 55
12 80
12 146
12 315
12 349
12 385
12 494
12 575
12 584
12 658
12 704
12 771
12 803
12 908
12 911
12 943
12 473
12 123
12 311
12 336
12 75
12 136
12 271
12 47
12 50
12 661
12 52
12 128
12 760
12 43
12 16
12 41
12 44
12 323
12 785
12 821
12 196
12 156
12 505
12 77
12 190
12 218
12 465
12 438
12 713
12 222
12 203
12 300
12 425
12 667
12 253
12 27
12 145
12 189
12 242
12 770
12 45
12 815
12 690
12 168
12 118
12 793
12 26
12 150
12 94
12 854
12 442
12 14
12 288
13 243
13 265
13 318
13 401
13 626
13 724
13 523
13 45
13 26
13 60
13 34
14 52
14 64
14 78
14 80
14 90
14 101
14 188
14 197
14 199
14 201
14 207
14 228
14 276
14 317
14 350
14 491
14 543
14 566
14 579
14 662
14 695
14 703
14 724
14 798
14 871
14 950
14 75
14 204
14 223
14 271
14 31
14 235
14 231
14 44
14 240
14 85
14 21
14 53
14 84
14 841
14 725
14 465
14 121
14 915
14 117
14 111
14 945
14 284
14 403
14 122
14 916
14 947
14 380
14 124
14 753
14 42
14 37
14 96
14 383
14 371
14 137
14 274
14 711
14 211
14 241
14 536
14 508
14 15
14 162
14 644
14 119
14 146
14 407
14 373
14 321
14 297
15 39
15 40
15 45
15 47
15 66
15 73
15 84
15 126
15 132
15 135
15 137
15 139
15 144
15 159
15 166
15 178
15 215
15 224
15 232
15 295
15 297
15 340
15 352
15 372
15 375
15 378
15 387
15 402
15 479
15 627
15 734
15 742
15 819
15 920
15 940
15 967
15 522
15 617
15 67
15 491
15 271
15 360
15 681
15 618
15 598
15 541
15 599
15 203
15 487
15 798
15 355
15 722
15 267
15 112
15 123
15 437
15 322
15 343
15 439
15 233
15 147
15 720
15 124
15 341
15 353
15 229
15 512
15 637
15 563
15 26
15 284
15 32
15 249
15 516
15 344
15 796
15 770
15 29
15 42
15 37
15 70
15 78
15 93
15 180
15 21
15 983
15 729
15 219
15 646
15 555
16 24
16 41
16 52
16 53
16 60
16 89
16 99
16 112
16 114
16 165
16 169
16 186
16 215
16 216
16 233
16 252
16 261
16 286
16 296
16 299
16 304
16 340
16 374
16 405
16 451
16 498
16 502
16 515
16 530
16 536
16 540
16 557
16 560
16 601
16 613
16 616
16 624
16 660
16 685
16 736
16 751
16 752
16 835
16 868
16 942
16 342
16 561
16 966
16 518
16 487
16 955
16 984
16 36
16 328
16 474
16 878
16 258
16 523
16 83
16 198
16 152
16 212
16 117
16 555
16 563
16 351
16 206
16 665
16 636
16 170
16 199
16 44
16 18
16 294
16 156
16 432
16 240
16 592
16 793
16 281
16 754
16 529
16 859
16 779
16 725
16 218
16 124
16 629
16 58
16 585
16 817
16 56
16 59
16 87
16 34
16 47
16 770
16 26
16 45
16 35
16 959
16 407
16 43
16 27
16 219
16 874
17 51
17 53
17 95
17 104
17 151
17 216
17 276
17 300
17 309
17 364
17 469
17 527
17 546
17 565
17 576
17 580
17 900
17 781
17 437
17 123
17 800
17 520
17 44
17 495
17 47
17 339
17 257
17 258
17 116
17 267
17 608
17 196
17 668
17 146
17 489
17 927
17 277
17 393
17 780
17 883
17 328
17 178
17 203
17 45
17 41
17 305
17 947
17 20
17 40
17 26
17 770
17 145
17 569
17 114
17 35
17 37
17 21
17 508
17 321
17 60
18 20
18 31
18 38
18 40
18 49
18 70
18 88
18 89
18 123
18 153
18 209
18 213
18 246
18 277
18 304
18 319
18 320
18 334
18 355
18 360
18 380
18 469
18 539
18 566
18 582
18 644
18 670
18 709
18 723
18 728
18 733
18 794
18 800
18 887
18 897
18 990
18 975
18 28
18 495
18 611
18 305
18 105
18 487
18 940
18 633
18 684
18 827
18 203
18 102
18 449
18 388
18 51
18 792
18 730
18 50
18 45
18 47
18 235
18 166
18 641
18 22
18 406
18 55
18 215
18 558
18 553
18 135
18 672
18 347
18 27
18 253
18 425
18 667
18 174
18 41
18 168
18 743
18 56
18 428
18 436
18 884
18 259
18 928
18 391
18 978
18 90
18 108
18 93
18 706
18 186
18 78
18 306
18 348
18 688
18 292
18 778
18 185
18 92
18 151
18 426
18 829
18 957
18 440
18 556
18 97
18 190
18 655
19 86
19 132
19 171
19 190
19 194
19 208
19 213
19 217
19 231
19 272
19 376
19 410
19 515
19 517
19 622
19 731
19 779
19 786
19 792
19 850
19 885
19 887
19 913
19 970
19 506
19 126
19 946
19 492
19 79
19 273
19 775
19 681
19 74
19 66
19 491
19 373
19 116
19 798
19 870
19 311
19 627
19 372
19 608
19 89
19 722
19 533
19 267
19 598
19 347
19 135
19 452
19 478
19 249
19 383
19 290
19 296
19 114
19 42
19 711
19 694
19 407
19 536
19 274
19 21
19 263
19 820
19 45
19 155
19 151
19 60
19 919
19 343
20 40
20 74
20 85
20 122
20 144
20 149
20 150
20 220
20 227
20 244
20 272
20 387
20 396
20 453
20 473
20 586
20 599
20 691
20 728
20 748
20 816
20 918
20 935
20 958
20 792
20 775
20 126
20 681
20 48
20 736
20 28
20 342
20 561
20 96
20 94
20 338
20 43
20 72
20 281
20 311
20 146
20 506
20 93
20 776
20 706
20 135
20 632
20 29
21 23
21 44
21 58
21 78
21 86
21 91
21 94
21 123
21 136
21 166
21 185
21 337
21 369
21 405
21 413
21 453
21 593
21 645
21 646
21 661
21 694
21 851
21 897
21 278
21 40
21 249
21 116
21 683
21 511
21 130
21 49
21 60
21 371
21 697
21 460
21 67
21 567
21 71
21 152
21 416
21 508
21 983
21 420
21 445
21 235
22 285
22 364
22 398
22 407
22 428
22 614
22 666
22 802
22 809
22 819
22 824
22 847
22 878
22 882
22 487
22 120
22 126
22 64
22 754
22 215
22 55
22 238
22 67
22 72
22 569
22 28
22 56
22 26
22 60
22 423
22 49
22 827
22 567
22 35
22 395
22 869
23 36
23 201
23 206
23 233
23 257
23 308
23 335
23 425
23 454
23 458
23 524
23 556
23 636
23 811
23 839
23 903
23 982
23 885
23 75
23 120
23 213
23 950
23 51
23 195
23 767
23 183
23 59
23 815
23 128
23 948
24 92
24 388
24 411
24 415
24 496
24 584
24 749
24 770
24 807
24 851
24 437
24 724
24 44
24 41
25 50
25 75
25 76
25 101
25 169
25 266
25 291
25 307
25 390
25 401
25 427
25 442
25 449
25 466
25 610
25 631
25 665
25 685
25 699
25 710
25 747
25 750
25 765
25 779
25 870
25 882
25 930
25 956
25 977
25 488
25 367
25 271
25 885
25 667
25 170
25 725
25 558
25 757
25 150
25 753
25 751
25 160
25 227
25 432
25 915
25 140
25 78
25 243
25 637
25 441
25 63
25 644
25 146
25 117
25 162
26 39
26 48
26 49
26 52
26 57
26 75
26 116
26 124
26 141
26 148
26 155
26 163
26 167
26 200
26 254
26 263
26 292
26 296
26 303
26 304
26 346
26 347
26 374
26 378
26 414
26 433
26 470
26 483
26 575
26 596
26 651
26 688
26 719
26 738
26 743
26 874
26 973
26 985
26 991
26 190
26 821
26 351
26 30
26 563
26 152
26 333
26 107
26 164
26 27
26 341
26 419
26 774
26 805
26 204
26 145
26 29
26 979
26 31
26 424
26 202
26 309
26 42
26 35
26 95
26 215
26 69
26 239
26 423
26 36
26 142
26 68
26 112
26 968
26 51
27 52
27 62
27 79
27 89
27 158
27 165
27 188
27 211
27 234
27 298
27 379
27 645
27 738
27 743
27 879
27 97
27 329
27 792
27 586
27 681
27 60
27 53
27 123
27 366
27 31
27 92
27 495
27 45
27 190
27 29
27 71
27 82
27 555
27 164
27 43
27 107
27 47
27 641
27 196
27 821
27 294
27 505
27 54
27 115
27 214
27 178
27 203
27 305
27 266
27 209
27 272
27 342
27 76
27 69
27 106
27 136
27 919
27 219
27 281
27 152
27 440
28 49
28 53
28 192
28 406
28 491
28 622
28 641
28 745
28 123
28 800
28 366
28 29
28 561
28 495
28 31
28 190
28 257
28 55
28 798
28 928
28 68
28 47
28 84
28 592
28 720
28 203
28 174
28 899
28 238
28 42
28 116
28 218
28 45
28 135
28 160
28 158
28 778
29 37
29 117
29 145
29 243
29 276
29 385
29 439
29 444
29 447
29 575
29 592
29 735
29 742
29 813
29 952
29 494
29 318
29 30
29 328
29 271
29 424
29 752
29 563
29 440
29 139
29 770
29 66
29 320
29 260
29 80
29 232
29 92
29 555
29 919
29 67
29 165
29 40
30 33
30 77
30 84
30 139
30 171
30 295
30 324
30 351
30 368
30 374
30 390
30 405
30 421
30 472
30 504
30 513
30 552
30 570
30 573
30 657
30 711
30 734
30 874
30 888
30 967
30 736
30 117
30 94
30 542
30 332
30 318
30 367
30 170
30 99
30 482
30 229
30 71
30 440
30 555
30 41
30 67
30 32
30 60
30 917
30 592
30 101
30 553
30 851
30 465
30 277
30 606
30 786
30 512
30 75
30 116
30 92
30 228
30 892
31 78
31 95
31 110
31 279
31 346
31 353
31 420
31 423
31 495
31 579
31 596
31 653
31 663
31 665
31 747
31 749
31 772
31 802
31 842
31 51
31 105
31 404
31 45
31 50
31 48
31 113
31 879
31 361
31 571
31 326
31 109
31 99
31 107
31 142
31 986
31 430
31 405
31 162
31 825
31 424
31 368
31 455
31 202
31 117
31 89
31 130
31 514
31 91
32 74
32 87
32 133
32 177
32 178
32 191
32 193
32 285
32 331
32 395
32 399
32 425
32 488
32 551
32 560
32 633
32 667
32 725
32 730
32 868
32 933
32 943
32 390
32 94
32 92
32 751
32 188
32 126
32 41
32 46
32 111
32 382
32 79
32 805
32 774
32 73
32 695
33 92
33 192
33 218
33 220
33 237
33 283
33 299
33 422
33 457
33 463
33 756
33 807
33 574
33 116
33 75
33 390
33 866
34 493
34 642
34 680
34 786
34 92
34 751
34 356
34 785
34 60
34 49
34 766
35 158
35 178
35 193
35 200
35 228
35 233
35 235
35 242
35 251
35 295
35 327
35 415
35 525
35 572
35 597
35 643
35 647
35 648
35 678
35 774
35 821
35 825
35 891
35 894
35 961
35 343
35 974
35 801
35 135
35 206
35 94
35 195
35 767
35 183
35 159
35 305
35 547
35 72
35 487
35 541
35 870
35 114
35 87
35 131
35 203
35 690
35 671
35 120
35 125
35 95
35 165
35 71
35 59
35 869
35 416
35 827
35 67
36 82
36 338
36 358
36 588
36 595
36 764
36 787
36 751
36 120
36 92
36 45
36 39
36 330
36 591
36 139
36 983
37 120
37 208
37 229
37 450
37 464
37 481
37 501
37 729
37 828
37 844
37 886
37 798
37 681
37 901
37 42
37 114
37 95
38 48
38 92
38 94
38 103
38 131
38 142
38 150
38 185
38 194
38 208
38 212
38 442
38 593
38 854
38 100
38 901
38 611
38 890
38 220
38 310
38 396
38 397
38 500
38 437
38 81
38 812
38 291
38 359
38 336
38 620
38 84
38 283
38 690
38 78
38 747
39 111
39 204
39 286
39 303
39 341
39 351
39 419
39 563
39 577
39 693
39 755
39 805
39 889
39 210
39 310
39 915
39 150
39 101
39 140
39 262
39 121
39 55
39 95
39 382
39 774
39 45
39 113
39 667
39 87
39 242
39 189
39 40
39 340
39 770
40 90
40 180
40 186
40 204
40 348
40 357
40 506
40 706
40 776
40 857
40 919
40 42
40 375
40 300
40 104
40 361
40 903
40 82
40 950
40 213
40 51
40 120
40 642
40 370
40 303
40 55
40 189
40 340
40 505
40 957
40 281
40 440
40 67
41 83
41 170
41 247
41 252
41 335
41 631
41 635
41 720
41 830
41 936
41 53
41 975
41 800
41 123
41 164
41 52
41 339
41 257
41 142
41 43
41 77
41 84
41 641
41 166
41 235
41 821
41 60
41 763
41 140
41 178
42 81
42 243
42 321
42 377
42 684
42 693
42 698
42 754
42 762
42 775
42 976
42 599
42 343
42 61
42 128
42 77
42 346
42 798
42 116
42 107
42 69
42 66
42 720
42 725
43 56
43 58
43 284
43 644
43 817
43 748
43 205
43 128
43 164
43 53
43 84
43 77
43 200
43 853
43 371
43 209
43 76
43 45
43 249
44 59
44 62
44 84
44 93
44 114
44 146
44 199
44 245
44 258
44 268
44 287
44 303
44 400
44 417
44 436
44 456
44 491
44 561
44 584
44 615
44 683
44 693
44 836
44 857
44 871
44 911
44 971
44 117
44 87
44 276
44 265
44 112
44 730
44 944
44 518
44 239
44 161
44 222
44 120
44 203
44 923
44 898
44 283
44 51
44 301
44 99
44 484
44 72
44 421
44 288
44 339
44 308
44 309
44 455
44 979
45 94
45 109
45 119
45 130
45 138
45 144
45 179
45 180
45 181
45 192
45 205
45 234
45 260
45 282
45 344
45 381
45 389
45 390
45 399
45 411
45 461
45 522
45 523
45 531
45 585
45 592
45 595
45 738
45 759
45 785
45 813
45 826
45 851
45 876
45 879
45 921
45 951
45 995
45 727
45 551
45 317
45 127
45 159
45 760
45 367
45 102
45 176
45 495
45 513
45 404
45 430
45 277
45 446
45 190
45 206
45 165
45 767
45 135
45 196
45 48
45 178
45 253
45 667
45 66
45 340
45 169
45 116
45 706
45 60
45 766
45 514
45 424
45 529
45 347
45 768
45 478
45 820
45 155
45 452
45 668
45 386
45 803
46 57
46 85
46 115
46 154
46 459
46 487
46 518
46 855
46 895
46 83
46 255
46 564
46 395
46 226
46 131
46 391
46 56
46 474
47 55
47 65
47 161
47 185
47 227
47 590
47 92
47 339
47 222
47 76
47 369
47 560
47 578
47 627
47 821
47 196
47 48
47 641
47 50
48 54
48 79
48 110
48 124
48 241
48 250
48 393
48 519
48 584
48 657
48 946
48 97
48 492
48 60
48 339
48 52
48 144
48 57
48 442
48 131
49 53
49 71
49 97
49 100
49 116
49 130
49 140
49 182
49 187
49 274
49 299
49 371
49 392
49 497
49 550
49 718
49 722
49 875
49 884
49 153
49 385
49 257
49 680
49 259
49 60
49 766
49 79
49 426
49 294
49 190
49 311
49 655
49 572
49 85
50 137
50 387
50 408
50 574
50 235
50 166
50 196
50 641
50 821
51 59
51 68
51 193
51 273
51 282
51 306
51 319
51 323
51 401
51 420
51 541
51 676
51 680
51 819
51 832
51 869
51 924
51 347
51 776
51 719
51 822
51 122
51 75
51 903
51 950
51 162
51 636
51 871
51 281
51 181
51 874
51 103
51 808
51 131
51 283
51 152
51 301
51 94
51 158
51 844
51 172
51 260
51 896
52 190
52 257
52 258
52 821
52 60
52 67
53 61
53 121
53 139
53 255
53 311
53 347
53 358
53 382
53 526
53 676
53 680
53 850
53 962
53 985
53 366
53 473
53 229
53 669
53 273
53 672
53 855
54 57
54 60
54 115
54 118
54 144
54 153
54 161
54 164
54 168
54 214
54 353
54 388
54 459
54 490
54 534
54 563
54 595
54 729
54 748
54 811
54 812
54 814
54 936
54 959
54 587
54 83
54 198
54 605
54 874
54 945
54 106
54 76
54 209
54 226
54 272
54 414
55 120
55 138
55 179
55 204
55 253
55 308
55 370
55 412
55 451
55 454
55 504
55 510
55 798
55 809
55 827
55 847
55 848
55 976
55 994
55 96
55 928
55 215
55 793
55 754
55 860
55 681
55 557
55 406
55 546
55 927
55 393
55 901
55 111
55 133
56 105
56 266
56 272
56 425
56 428
56 515
56 602
56 925
56 141
56 223
56 162
56 82
56 57
56 644
56 436
56 695
56 106
56 245
56 176
56 355
56 136
56 414
56 209
56 69
56 226
56 279
56 166
57 156
57 351
57 802
57 979
57 74
57 148
57 510
57 259
57 60
58 65
58 214
58 247
58 361
58 376
58 420
58 434
58 471
58 739
58 780
58 578
58 182
58 571
58 393
58 860
58 200
58 644
58 347
59 94
59 152
59 158
59 402
59 520
59 545
59 844
59 898
59 947
59 207
59 120
59 496
59 931
59 869
59 165
60 61
60 71
60 79
60 81
60 130
60 198
60 219
60 259
60 362
60 395
60 427
60 507
60 513
60 533
60 562
60 614
60 687
60 762
60 956
60 599
60 494
60 597
60 254
60 775
60 792
60 273
60 946
60 506
60 104
60 77
60 878
60 503
60 781
60 94
60 225
60 763
60 140
60 595
60 144
60 98
60 409
60 711
60 323
60 238
60 514
60 423
60 321
61 72
61 74
61 81
61 107
61 121
61 136
61 157
61 168
61 183
61 198
61 205
61 240
61 261
61 372
61 384
61 422
61 426
61 490
61 519
61 616
61 650
61 682
61 697
61 721
61 804
61 861
61 300
61 93
61 417
61 109
61 375
61 503
61 409
61 383
61 803
61 104
61 164
61 125
61 207
61 208
61 84
61 149
61 522
61 868
61 487
61 289
61 432
61 67
61 660
62 65
62 68
62 169
62 189
62 251
62 268
62 325
62 349
62 358
62 435
62 476
62 509
62 629
62 811
62 818
62 896
62 188
62 988
62 369
62 92
62 170
62 201
62 310
62 874
62 156
62 519
62 192
62 390
62 172
62 860
63 109
63 237
63 285
63 298
63 302
63 392
63 404
63 477
63 688
63 694
63 954
63 174
63 335
63 283
63 262
63 111
63 103
63 143
64 65
64 81
64 172
64 188
64 235
64 288
64 325
64 382
64 446
64 474
64 511
64 517
64 545
64 666
64 678
64 728
64 735
64 894
64 752
64 272
64 424
64 523
64 475
64 887
65 182
65 222
65 278
65 429
65 436
65 560
65 619
65 782
65 789
65 840
65 981
65 195
65 770
65 589
65 173
65 369
65 121
66 434
66 473
66 684
66 784
66 908
66 911
66 827
66 69
66 940
66 633
66 770
66 340
67 135
67 165
67 206
67 286
67 326
67 403
67 424
67 482
67 502
67 509
67 632
67 636
67 768
67 910
67 920
67 390
67 94
67 589
67 99
67 308
67 333
67 555
67 351
67 152
67 919
67 142
67 665
67 208
67 91
67 168
67 363
67 164
67 609
67 824
67 160
67 455
67 89
67 235
67 104
67 931
67 395
67 71
67 440
68 85
68 142
68 181
68 201
68 281
68 303
68 404
68 455
68 498
68 510
68 548
68 563
68 584
68 688
68 702
68 728
68 759
68 781
68 799
68 871
68 904
68 265
68 808
68 380
68 928
68 723
68 945
68 81
68 229
68 345
68 273
68 78
69 77
69 207
69 338
69 440
69 475
69 484
69 570
69 671
69 734
69 760
69 768
69 806
69 917
69 929
69 934
69 941
69 487
69 827
69 157
69 684
69 106
69 279
69 176
70 93
70 109
70 207
70 300
70 417
70 521
70 982
70 776
70 357
70 204
70 180
70 706
70 368
70 437
70 823
71 135
71 149
71 155
71 333
71 371
71 443
71 459
71 591
71 799
71 905
71 986
71 191
71 165
71 82
71 351
71 104
71 168
71 235
71 87
71 164
71 660
71 931
72 73
72 84
72 104
72 105
72 164
72 207
72 208
72 234
72 363
72 407
72 416
72 463
72 575
72 661
72 698
72 717
72 720
72 725
72 732
72 737
72 534
72 195
72 162
72 766
72 487
72 547
72 146
72 599
72 449
72 131
72 437
72 260
72 288
72 421
72 235
72 191
72 844
73 87
73 102
73 112
73 114
73 123
73 154
73 203
73 248
73 437
73 449
73 461
73 474
73 503
73 618
73 667
73 709
73 956
73 488
73 219
73 494
73 599
73 749
73 801
73 513
73 191
73 152
73 131
73 214
73 766
73 611
73 305
73 322
73 388
73 859
73 793
73 867
73 558
73 754
73 407
73 264
73 104
73 74
73 115
73 432
73 615
73 673
73 660
73 583
73 753
73 757
73 150
73 76
73 351
73 675
73 426
73 572
73 79
73 655
73 78
73 181
73 701
74 83
74 94
74 147
74 149
74 156
74 218
74 244
74 248
74 336
74 367
74 378
74 402
74 410
74 484
74 622
74 640
74 662
74 778
74 795
74 864
74 896
74 986
74 978
74 280
74 430
74 868
74 522
74 214
74 184
74 510
74 848
74 259
74 400
74 113
74 431
74 445
74 351
75 80
75 341
75 434
75 489
75 560
75 714
75 738
75 764
75 776
75 895
75 147
75 542
75 171
75 173
75 770
75 126
75 194
75 121
75 642
75 822
75 903
75 996
75 169
75 116
75 444
75 756
76 88
76 137
76 158
76 236
76 248
76 312
76 403
76 429
76 594
76 657
76 720
76 813
76 962
76 170
76 338
76 760
76 189
76 414
76 176
76 371
76 136
76 226
76 220
76 793
76 400
76 376
76 480
76 873
77 99
77 155
77 327
77 396
77 455
77 665
77 142
77 107
77 91
77 294
77 166
77 941
77 220
78 101
78 104
78 121
78 170
78 174
78 231
78 235
78 258
78 297
78 318
78 356
78 361
78 454
78 505
78 521
78 547
78 602
78 671
78 816
78 971
78 312
78 109
78 84
78 642
78 140
78 162
78 111
78 110
78 80
78 915
78 348
78 180
78 306
78 186
78 506
78 204
78 379
78 477
78 441
78 117
78 220
78 182
78 92
79 105
79 120
79 135
79 148
79 231
79 350
79 405
79 450
79 593
79 701
79 792
79 805
79 915
79 681
79 775
79 329
79 907
79 111
79 419
79 341
79 204
79 259
79 342
79 169
79 97
79 456
79 294
79 190
79 655
80 136
80 147
80 204
80 336
80 363
80 421
80 543
80 571
80 577
80 623
80 794
80 828
80 966
80 616
80 835
80 506
80 213
80 131
80 150
80 838
80 111
80 634
80 162
80 379
80 644
81 85
81 394
81 441
81 573
81 981
81 220
81 856
81 446
81 203
81 182
81 500
81 812
81 359
81 403
81 723
81 122
81 929
81 143
82 127
82 134
82 136
82 154
82 169
82 182
82 221
82 245
82 247
82 279
82 299
82 323
82 331
82 333
82 422
82 446
82 638
82 677
82 695
82 702
82 796
82 865
82 117
82 440
82 555
82 874
82 903
82 642
82 370
82 213
82 822
82 776
82 432
82 242
82 212
82 160
83 115
83 129
83 151
83 841
83 921
83 255
83 605
83 520
83 198
83 668
83 104
83 470
83 116
83 690
83 184
84 126
84 128
84 131
84 308
84 388
84 442
84 591
84 592
84 634
84 769
84 921
84 965
84 181
84 182
84 356
84 683
84 104
84 125
84 407
84 208
84 164
84 92
84 283
85 88
85 97
85 132
85 202
85 251
85 326
85 527
85 539
85 551
85 560
85 569
85 626
85 679
85 723
85 797
85 872
85 941
85 770
85 510
85 109
85 682
85 265
85 103
85 240
85 310
85 201
85 378
85 597
85 342
85 234
85 259
85 383
85 639
85 516
85 290
85 220
85 301
85 968
85 380
85 688
85 143
85 652
85 456
85 164
85 196
86 115
86 137
86 211
86 274
86 371
86 407
86 536
86 663
86 694
86 697
86 711
86 888
86 906
86 123
86 605
86 203
86 220
86 476
87 268
87 304
87 352
87 92
87 437
87 449
87 131
87 123
87 154
87 407
87 91
87 235
87 660
87 105
87 125
87 690
87 100
87 356
87 716
88 90
88 187
88 207
88 310
88 523
88 587
88 594
88 669
88 707
88 744
88 804
88 880
88 923
88 955
88 958
89 114
89 221
89 267
89 506
89 596
89 707
89 608
89 309
89 424
89 339
90 128
90 310
90 630
90 631
90 204
90 776
91 104
91 130
91 310
91 321
91 432
91 438
91 449
91 460
91 626
91 760
91 786
91 795
91 797
91 878
91 977
91 779
91 328
91 125
91 407
91 363
91 164
91 168
91 423
92 133
92 144
92 146
92 159
92 183
92 356
92 429
92 438
92 495
92 526
92 564
92 568
92 848
92 902
92 751
92 578
92 170
92 131
92 916
92 909
92 300
92 239
92 713
92 223
92 109
92 276
92 116
92 756
92 574
92 150
92 103
92 185
92 182
92 747
92 716
93 148
93 262
93 293
93 492
93 535
93 550
93 904
93 534
93 254
93 488
93 294
93 597
93 146
93 169
93 306
93 776
93 204
93 357
93 390
93 892
93 756
93 574
93 109
93 444
94 95
94 196
94 198
94 218
94 245
94 309
94 413
94 469
94 622
94 636
94 548
94 767
94 665
94 195
94 108
94 615
94 383
94 803
94 338
94 225
94 623
94 283
94 402
94 898
94 923
94 673
94 781
94 194
94 442
94 593
95 110
95 119
95 182
95 204
95 256
95 274
95 296
95 377
95 588
95 686
95 793
95 553
95 502
95 277
95 341
95 637
95 114
96 649
96 824
96 935
96 156
96 160
96 880
97 190
97 456
97 572
97 652
97 666
97 716
97 771
97 866
97 943
97 977
97 506
97 946
97 586
97 234
97 220
97 344
97 948
97 907
97 655
97 164
97 556
97 311
97 196
98 283
99 100
99 110
99 134
99 140
99 151
99 346
99 513
99 789
99 951
99 170
99 232
99 585
100 131
100 197
100 255
100 365
100 367
100 368
100 384
100 450
100 652
100 832
100 544
100 161
100 104
100 690
100 747
101 111
101 117
101 119
101 140
101 162
101 262
101 325
101 379
101 465
101 477
101 504
101 569
101 617
101 651
101 674
101 746
101 891
101 441
101 105
101 601
101 258
101 174
101 254
101 256
101 173
101 553
101 277
101 381
102 215
102 248
102 437
102 131
102 449
102 388
102 203
102 637
102 261
102 760
102 610
102 150
102 757
103 281
103 310
103 181
103 194
103 185
103 142
103 208
103 273
103 390
103 201
104 129
104 155
104 218
104 266
104 320
104 369
104 482
104 794
104 859
104 900
104 929
104 987
104 426
104 474
104 258
104 428
104 427
104 363
104 125
104 407
105 173
105 203
105 206
105 289
105 364
105 513
105 715
105 858
105 914
105 917
105 700
105 482
105 305
105 611
105 487
105 599
105 430
105 879
105 208
105 264
105 682
105 522
105 868
105 407
105 547
105 342
105 176
105 266
105 414
105 226
106 975
106 294
106 259
106 933
106 136
106 414
106 342
106 266
107 267
107 441
107 470
107 552
107 677
107 787
107 806
107 827
107 633
107 684
107 979
107 372
107 533
107 928
107 608
108 147
108 398
108 409
108 744
108 943
108 145
108 115
108 383
108 615
108 496
108 338
108 331
108 357
108 776
108 306
109 110
109 238
109 310
109 326
109 368
109 437
109 777
109 803
109 823
109 892
109 167
109 312
109 953
109 417
109 337
109 142
109 684
109 984
109 996
109 444
109 116
109 457
109 574
109 512
110 111
110 157
110 437
110 646
110 722
110 803
110 937
110 692
110 838
110 140
110 777
110 823
111 121
111 150
111 692
111 838
111 915
111 262
111 119
111 286
111 204
111 351
111 419
111 325
111 162
111 146
111 644
112 878
112 871
112 142
112 965
112 143
112 874
112 808
112 437
112 449
112 248
112 343
112 181
112 860
112 968
113 118
113 163
113 172
113 225
113 229
113 272
113 344
113 379
113 522
113 674
113 697
113 703
113 764
113 906
113 446
113 879
113 289
113 277
113 301
114 166
114 191
114 210
114 253
114 296
114 458
114 493
114 496
114 541
114 554
114 651
114 865
114 310
114 170
114 437
114 123
114 343
115 123
115 198
115 255
115 520
115 533
115 803
115 503
115 168
115 302
115 344
115 700
115 290
115 639
115 516
115 673
115 711
115 371
115 137
115 611
115 460
115 274
116 129
116 192
116 217
116 249
116 297
116 302
116 306
116 375
116 412
116 551
116 608
116 658
116 683
116 744
116 751
116 785
116 788
116 798
116 385
116 128
116 996
116 892
116 574
116 390
116 457
116 866
117 163
117 279
117 333
117 424
117 499
117 561
117 607
117 653
117 762
117 736
117 440
117 165
117 555
117 915
117 162
117 979
117 308
117 455
117 199
117 822
117 146
117 381
117 140
118 157
118 159
118 269
118 362
118 432
118 691
118 586
118 237
118 161
118 164
119 261
119 466
119 531
119 552
119 558
119 583
119 624
119 714
119 716
119 797
119 848
119 915
119 150
119 838
120 133
120 140
120 145
120 146
120 167
120 191
120 195
120 221
120 222
120 280
120 306
120 323
120 344
120 379
120 404
120 465
120 647
120 649
120 652
120 683
120 799
120 864
120 972
120 569
120 188
120 589
120 582
120 194
120 213
120 553
120 393
120 173
120 336
120 502
120 132
120 671
120 223
120 508
120 916
120 487
121 153
121 196
121 366
121 375
121 421
121 429
121 775
121 784
121 903
121 582
121 194
121 642
121 628
121 150
121 692
121 235
122 174
122 201
122 214
122 231
122 283
122 323
122 382
122 447
122 633
122 718
122 731
122 914
122 928
122 822
122 370
122 213
122 481
122 569
122 345
122 229
122 558
123 142
123 311
123 317
123 628
123 693
123 831
123 473
123 856
123 396
123 520
123 131
123 203
124 127
124 199
124 205
124 217
124 483
124 553
124 601
124 646
124 754
124 953
124 959
124 191
124 415
124 368
124 202
124 339
124 979
125 242
125 309
125 471
125 164
125 208
126 188
126 195
126 569
126 792
126 810
126 845
126 681
126 775
126 273
126 770
127 145
127 233
127 240
127 242
127 512
127 755
127 846
127 859
127 932
127 948
127 976
127 223
127 551
127 176
127 268
127 853
127 499
127 451
127 340
127 655
127 283
127 447
127 174
127 382
127 323
128 129
128 141
128 200
128 240
128 256
128 273
128 332
128 418
128 461
128 474
128 496
128 535
128 562
128 712
128 918
128 142
128 668
128 884
128 428
128 346
128 966
128 946
128 277
128 659
128 948
128 771
129 153
129 184
129 257
129 385
129 470
129 555
129 668
129 884
130 423
130 766
131 181
131 182
131 283
131 297
131 352
131 356
131 367
131 518
131 791
131 891
131 921
131 966
131 506
131 487
131 747
131 437
131 449
131 331
131 194
131 142
131 854
131 150
131 212
132 290
132 302
132 383
132 344
132 639
133 177
133 210
133 339
133 751
134 230
134 809
135 173
135 380
135 453
135 504
135 774
135 908
135 206
135 183
135 672
135 768
135 547
135 210
135 162
135 345
135 403
135 151
135 668
135 155
135 426
136 223
136 278
136 339
136 204
136 226
136 209
136 272
137 147
137 193
137 233
137 271
137 302
137 315
137 381
137 439
137 476
137 774
137 899
137 189
137 611
137 241
137 694
137 407
137 711
138 247
138 418
138 721
139 268
139 353
139 439
139 512
139 541
139 606
139 637
139 669
139 672
139 786
139 855
139 229
139 977
139 427
139 753
139 708
139 741
139 243
139 261
139 610
139 150
139 558
139 751
139 315
139 140
139 193
140 162
140 209
140 226
140 259
140 269
140 325
140 412
140 439
140 674
140 699
140 881
140 156
140 763
140 637
140 644
140 441
141 154
141 266
141 349
141 364
141 418
141 532
141 602
141 632
141 635
141 744
141 750
141 819
141 336
142 202
142 250
142 361
142 467
142 558
142 581
142 664
142 677
142 806
142 868
142 249
142 326
142 181
142 965
142 281
142 265
142 310
142 143
142 654
142 940
142 979
142 633
142 593
142 194
142 208
142 854
142 185
142 442
142 172
142 273
142 390
142 329
142 380
143 403
143 558
143 600
143 965
143 871
143 281
143 853
143 190
143 345
143 750
143 284
143 229
143 382
143 323
143 214
143 447
143 907
143 968
143 860
144 431
144 471
144 512
144 273
144 439
144 284
144 357
145 178
145 190
145 340
145 355
145 703
145 939
145 331
146 161
146 184
146 203
146 222
146 239
146 242
146 300
146 342
146 444
146 473
146 477
146 592
146 713
146 727
146 759
146 808
146 906
146 611
146 487
146 599
146 757
146 766
146 683
146 245
146 917
146 909
146 916
146 438
146 602
146 563
146 441
146 644
147 173
147 176
147 431
147 638
147 720
147 865
147 710
148 156
148 164
148 189
148 298
148 324
148 406
148 479
148 499
148 501
148 741
148 791
148 852
148 820
148 510
148 214
148 400
149 189
149 393
149 867
149 565
149 525
149 446
149 430
149 326
150 610
150 930
150 261
150 708
150 204
150 763
150 558
150 162
150 320
150 210
150 637
150 593
150 208
150 212
151 234
151 263
151 271
151 568
151 580
151 701
151 755
151 761
151 775
151 789
151 809
151 826
151 843
151 895
151 951
151 347
151 478
151 426
151 672
152 165
152 395
152 567
152 628
152 827
152 869
152 931
152 978
152 212
152 555
152 874
152 283
152 496
152 623
152 545
152 440
152 281
153 263
153 356
153 955
153 884
153 181
153 182
153 284
153 427
153 690
153 642
153 283
154 249
154 252
154 444
154 652
154 872
154 931
154 248
154 203
155 253
155 293
155 368
155 413
155 538
155 559
155 866
155 958
155 993
155 347
155 668
155 820
155 726
156 184
156 214
156 259
156 262
156 400
156 510
156 609
156 630
156 820
156 848
156 192
156 240
156 294
156 505
157 163
157 287
157 319
157 344
157 398
157 493
157 498
157 583
157 640
157 846
157 858
157 990
157 940
158 234
158 380
158 595
158 634
158 978
158 402
158 496
158 923
158 383
159 203
159 206
159 223
159 472
159 721
159 762
159 766
160 230
160 547
160 566
160 790
160 823
160 905
160 935
160 974
160 766
160 242
160 609
160 227
160 519
160 810
160 169
161 180
161 202
161 678
161 862
161 676
161 713
161 203
161 438
161 602
161 223
161 168
162 478
162 497
162 717
162 204
162 195
162 165
162 206
162 915
162 879
162 440
162 482
162 328
162 424
163 181
163 189
163 307
163 344
163 552
163 663
163 853
164 397
164 658
164 899
164 958
164 680
164 207
164 264
164 168
164 407
164 808
164 234
164 800
164 311
164 190
165 555
165 874
165 525
165 905
165 333
165 563
165 636
165 665
165 183
165 869
165 567
165 416
165 829
166 181
166 252
166 309
166 641
166 802
166 905
166 821
166 941
166 239
167 229
167 251
167 314
167 521
167 953
168 413
168 428
168 613
168 933
168 264
168 234
168 207
168 407
168 238
168 436
168 743
168 569
169 192
169 240
169 277
169 294
169 432
169 519
169 609
169 753
169 212
169 766
169 808
169 907
169 597
169 996
169 426
170 318
170 482
170 485
170 511
170 603
170 848
170 932
170 580
170 449
170 297
170 627
170 245
170 310
170 356
171 206
172 228
172 548
172 699
172 890
172 980
172 273
173 195
173 235
173 256
173 528
173 585
173 643
173 676
173 824
173 250
173 659
173 502
173 254
173 851
173 938
173 959
174 220
174 260
174 305
174 378
174 400
174 475
174 491
174 580
174 670
174 675
174 928
174 940
174 967
174 249
174 415
174 667
174 330
174 231
175 394
176 260
176 615
176 672
176 845
176 696
176 226
176 272
176 342
177 443
177 492
177 210
178 240
178 305
178 547
178 690
178 867
178 667
178 253
179 277
179 285
179 702
179 712
180 208
180 244
180 294
180 316
180 393
180 427
180 472
180 643
180 808
180 678
180 901
180 627
180 680
180 342
180 354
180 234
180 907
180 348
180 357
180 506
180 776
181 287
181 729
181 963
181 690
181 871
181 378
181 874
181 548
181 860
181 968
181 182
181 356
181 246
182 232
182 531
182 545
182 714
182 733
182 968
182 475
182 747
182 690
182 642
182 212
182 701
183 315
183 319
183 413
183 508
183 517
183 654
183 797
184 342
184 506
184 428
184 470
184 884
184 555
184 848
184 630
184 242
184 713
184 203
185 239
185 246
185 506
185 662
185 931
185 208
185 442
186 232
186 262
186 277
186 285
186 365
186 626
186 787
186 831
186 948
186 721
186 306
186 204
187 222
187 249
187 391
187 494
187 524
187 755
187 761
187 822
187 991
188 273
188 327
188 329
188 337
188 366
188 384
188 431
188 539
188 629
188 757
188 904
188 934
188 946
188 331
188 875
188 508
188 571
189 283
189 340
189 377
189 435
189 439
189 487
189 539
189 669
189 193
189 770
189 242
190 259
190 281
190 295
190 348
190 527
190 813
190 838
190 763
190 505
190 585
190 853
190 800
190 311
190 426
190 572
190 556
190 652
190 294
191 223
191 415
191 587
191 731
191 926
191 938
191 958
191 305
192 205
192 276
192 996
192 432
192 212
192 766
192 573
192 242
192 485
193 196
193 237
193 831
193 710
194 336
194 562
194 776
194 922
194 935
194 370
194 213
194 719
194 323
194 903
194 628
194 822
195 238
195 487
195 629
195 770
195 206
196 251
196 530
196 532
196 534
196 608
196 641
196 701
196 800
196 973
196 980
196 235
196 556
196 357
196 294
196 572
196 426
197 398
197 902
197 926
198 383
198 409
198 432
198 503
198 533
198 615
198 781
198 803
198 955
198 225
198 344
198 290
198 380
198 299
198 705
198 673
199 202
199 339
199 455
199 596
199 979
199 308
200 986
200 585
200 284
200 853
200 945
201 373
201 542
201 582
201 670
201 808
201 874
201 323
201 632
202 218
202 241
202 292
202 427
202 962
202 424
203 214
203 305
203 487
203 541
203 547
203 599
203 757
203 766
203 449
203 343
203 388
203 315
203 628
203 740
203 300
203 242
203 602
203 667
203 253
204 230
204 637
204 278
204 763
204 725
204 558
204 757
204 751
204 303
204 774
204 706
205 221
205 277
205 387
205 394
205 445
205 523
205 606
205 769
205 850
205 346
205 538
205 225
205 337
206 258
206 434
206 479
206 590
206 740
206 920
206 964
206 767
207 225
207 258
207 508
207 525
207 670
207 681
207 683
207 716
207 745
207 842
207 864
207 875
207 881
207 417
207 901
207 363
208 237
208 311
208 691
208 520
208 975
208 366
208 407
208 234
208 854
208 442
208 212
209 313
209 391
209 475
209 796
209 826
209 266
209 279
209 226
210 226
210 249
210 268
210 295
210 370
210 379
210 403
210 418
210 478
210 515
210 918
210 957
210 312
210 566
210 339
210 988
210 687
210 758
210 547
210 230
211 341
211 570
211 617
211 863
211 591
211 564
211 391
211 611
211 711
211 697
211 407
212 220
212 291
212 333
212 336
212 359
212 396
212 397
212 437
212 484
212 609
212 620
212 812
212 563
212 706
212 227
212 485
212 240
212 294
212 277
212 573
212 854
213 323
213 541
213 653
213 751
213 835
213 966
213 955
213 487
213 248
213 252
213 822
213 370
213 642
213 628
213 719
214 306
214 899
214 599
214 609
214 630
214 820
215 498
215 557
215 860
215 754
215 281
215 338
215 301
216 626
218 275
218 553
218 781
218 829
218 465
219 343
219 646
219 729
219 777
219 919
219 974
219 321
219 874
220 308
220 354
220 360
220 575
220 889
220 741
220 476
220 746
220 890
220 620
220 291
220 706
220 808
220 720
220 239
220 338
221 443
221 458
221 478
221 692
221 887
222 235
222 456
222 470
222 837
222 713
222 223
222 508
222 438
223 230
223 502
223 534
223 570
223 713
223 946
223 970
223 994
223 966
223 508
223 242
224 391
224 544
224 617
224 676
224 690
224 845
224 860
225 594
225 758
225 409
225 338
225 432
225 496
225 383
225 781
225 533
225 538
225 670
226 230
226 663
226 819
226 373
226 395
226 266
226 279
226 342
227 396
227 747
227 784
227 519
227 609
227 766
227 294
227 573
227 240
228 239
228 402
228 457
228 497
228 587
228 638
228 817
228 833
228 574
228 444
228 390
228 866
229 280
229 420
229 441
229 620
229 838
229 541
229 467
229 251
229 672
229 723
229 345
229 750
229 403
230 282
230 526
230 566
230 511
230 312
230 547
231 397
231 434
231 747
231 936
231 447
232 288
232 293
232 685
232 863
232 356
232 887
232 779
232 770
232 634
233 313
233 347
233 352
233 360
233 368
233 479
233 504
233 554
233 772
233 839
233 863
234 255
234 294
234 579
234 612
234 700
234 363
234 264
234 259
234 597
234 808
234 426
234 357
235 329
235 407
235 641
235 361
235 660
236 243
236 298
236 549
237 440
237 826
237 404
237 836
237 430
237 901
238 369
238 394
238 428
238 491
238 872
238 981
238 995
238 468
238 899
238 884
238 743
238 290
238 632
238 368
239 316
239 329
239 382
239 567
239 591
239 606
239 607
239 730
239 849
239 897
239 906
239 242
239 916
239 438
239 300
239 338
240 316
240 327
240 392
240 481
240 483
240 589
240 871
240 915
240 281
240 294
240 766
240 519
241 291
241 531
241 536
241 460
242 340
242 451
242 499
242 609
242 853
242 485
242 432
242 519
242 602
242 713
242 983
242 508
242 307
243 349
243 610
243 615
243 765
243 781
243 741
243 763
243 261
243 725
243 757
243 637
243 753
243 583
244 280
244 678
244 978
244 474
244 438
244 523
244 695
245 260
245 417
246 499
246 505
246 554
246 590
246 811
246 832
246 716
246 356
247 307
247 433
247 765
247 868
247 250
248 351
248 445
248 650
248 670
248 675
248 858
248 873
248 947
248 960
248 506
248 487
248 437
248 322
249 280
249 361
249 383
249 398
249 446
249 479
249 554
249 660
249 794
249 875
249 942
249 297
249 380
249 932
249 639
249 564
250 430
250 465
250 468
250 485
250 572
250 603
250 635
250 735
250 834
250 893
250 700
250 752
250 906
250 773
250 502
250 540
250 256
250 659
250 336
250 254
250 348
250 414
250 945
250 345
251 326
251 348
251 601
251 280
251 510
252 281
252 339
252 372
252 537
252 858
252 908
252 966
252 984
253 305
253 766
253 425
254 294
254 773
254 553
255 923
255 520
255 605
256 336
256 465
256 502
256 659
256 773
256 851
256 553
256 540
256 815
257 454
257 550
257 593
257 788
257 470
257 428
257 884
258 733
258 297
259 294
259 505
259 763
259 287
259 808
259 680
259 510
259 595
259 426
260 279
260 363
260 632
260 822
260 585
261 331
261 473
261 581
261 610
261 647
261 651
261 707
261 790
261 880
261 753
261 763
261 708
261 751
261 558
262 425
262 580
262 657
262 716
262 814
262 826
262 609
262 848
262 820
262 915
262 325
262 381
263 332
263 391
263 405
263 412
263 559
263 668
263 820
263 452
265 468
265 783
265 281
265 965
266 389
266 430
266 448
266 823
266 930
266 342
267 372
267 533
267 608
267 722
267 928
268 276
268 304
268 352
268 360
268 638
268 681
268 687
268 758
268 846
268 977
268 988
268 353
268 691
268 439
269 341
269 355
269 410
269 690
270 598
271 282
271 403
271 612
271 885
271 373
271 367
271 439
271 710
271 326
272 735
272 883
272 371
272 279
273 292
273 348
273 350
273 412
273 417
273 466
273 512
273 548
273 673
273 792
273 834
273 849
273 892
273 946
273 960
273 506
273 775
273 984
273 487
273 439
273 966
273 907
274 275
274 555
274 607
274 616
274 371
274 694
274 536
275 488
275 497
275 948
275 659
275 553
275 721
275 343
276 349
276 520
276 583
276 804
276 304
276 758
277 465
277 546
277 842
277 600
277 525
277 868
277 485
277 432
277 860
277 393
277 851
277 659
277 879
277 522
277 289
277 487
277 405
278 314
278 395
278 863
278 915
278 578
279 355
279 696
279 738
279 330
280 467
281 442
281 557
281 691
281 919
281 867
281 558
281 620
281 709
281 529
281 957
281 555
282 307
282 347
282 369
283 329
283 352
283 525
283 846
283 898
283 701
283 486
283 520
283 545
283 290
283 323
283 642
283 690
284 853
284 353
284 929
284 945
284 403
285 354
285 563
285 342
285 535
286 693
286 818
286 348
286 382
286 774
286 341
286 805
286 328
286 303
287 448
287 483
287 554
287 630
287 822
287 346
288 526
288 887
288 500
289 879
289 895
289 963
289 967
289 986
289 836
289 844
289 522
289 404
289 868
289 682
290 348
290 796
290 516
290 700
290 383
290 344
290 335
290 323
290 447
291 609
291 500
291 706
291 333
291 437
291 396
292 297
292 353
292 419
292 455
292 511
292 659
292 711
292 715
292 778
292 827
292 923
292 957
293 384
293 419
293 558
293 825
294 342
294 597
294 680
294 808
294 907
294 488
294 519
294 432
294 609
294 763
294 994
294 572
294 655
294 800
294 311
295 317
295 537
295 623
295 830
295 883
295 912
295 963
295 985
297 341
297 381
297 474
297 822
298 787
299 365
299 503
299 550
299 564
299 594
299 621
299 934
299 992
300 302
300 433
300 603
300 725
300 982
300 417
300 953
300 551
300 916
300 713
301 510
301 520
301 545
301 486
301 720
301 471
302 324
302 387
302 421
302 450
302 621
302 815
302 938
302 439
302 932
302 796
302 639
302 380
303 774
303 577
303 805
303 382
304 458
304 459
304 463
304 645
304 899
304 937
304 959
304 758
305 415
305 425
305 667
305 541
305 547
305 623
306 469
306 577
306 750
306 767
306 706
306 357
306 348
307 337
307 354
307 360
307 855
308 314
308 543
308 667
308 618
308 596
308 368
308 424
309 424
309 698
309 744
309 799
309 979
309 455
309 596
310 563
310 571
310 652
310 683
310 987
310 378
310 476
311 366
311 473
311 520
311 800
311 901
311 426
312 816
312 982
312 417
312 453
312 426
313 410
313 456
313 476
313 544
313 574
313 618
313 659
313 723
313 857
313 893
313 917
314 401
314 323
314 564
314 642
314 785
314 356
315 327
315 384
315 524
315 525
315 476
315 439
315 690
316 549
316 600
317 375
317 795
318 361
318 423
318 627
318 662
318 706
318 754
318 755
318 807
318 813
319 451
319 659
319 715
320 359
320 566
320 421
320 779
320 426
321 725
321 779
321 328
321 729
322 449
323 370
323 582
323 628
323 642
323 719
323 903
323 359
323 356
323 785
323 395
323 335
324 411
324 536
324 823
325 721
325 962
325 441
325 477
326 467
326 510
326 523
326 612
326 664
326 682
326 684
326 782
326 984
326 806
326 827
326 654
326 359
326 879
326 424
327 359
327 399
327 462
329 548
329 586
329 699
329 793
329 900
330 689
330 632
331 448
331 911
331 966
331 712
332 977
333 464
333 874
333 351
333 336
333 500
333 620
333 359
334 530
334 732
335 864
335 447
336 490
336 437
336 706
336 500
336 397
336 773
337 420
337 445
337 508
337 571
337 983
337 467
337 873
337 670
337 886
338 533
338 781
338 432
338 503
339 371
339 377
339 419
339 495
339 520
339 455
339 596
339 368
340 770
340 853
341 435
341 566
341 849
341 924
341 419
342 561
342 812
342 520
342 597
343 488
343 598
343 650
343 886
343 956
343 388
343 437
343 729
344 354
344 383
344 671
344 796
344 380
345 631
345 758
345 403
347 390
347 620
347 653
347 714
347 668
347 820
347 452
348 381
348 694
348 757
348 774
348 839
348 972
348 569
348 481
348 506
349 602
349 726
350 358
350 705
350 756
351 618
351 654
351 679
351 731
351 440
351 445
351 957
352 474
352 758
352 360
353 374
353 587
353 591
353 606
353 669
354 535
354 808
354 994
354 597
355 674
356 642
356 690
356 701
356 716
356 747
356 564
356 785
356 373
357 416
357 568
357 607
357 625
357 907
357 808
357 680
357 597
357 706
357 426
357 572
357 556
358 588
358 590
359 411
359 806
359 940
359 633
359 395
359 706
360 739
360 988
362 372
362 397
362 889
362 995
362 700
363 421
363 634
363 407
363 779
363 373
363 526
363 632
363 822
364 530
364 671
365 607
365 711
366 512
366 668
366 695
366 836
366 520
366 800
366 541
367 408
367 885
368 419
368 424
368 661
368 979
368 437
369 429
369 704
369 950
369 560
370 427
370 502
370 834
370 854
370 866
370 900
370 949
370 719
370 903
370 950
371 888
371 414
371 460
371 694
371 407
371 663
371 536
371 611
372 595
372 619
372 918
372 980
372 722
372 608
373 423
373 436
373 461
373 885
373 395
373 421
373 770
374 843
374 983
375 376
375 390
375 634
375 783
375 858
375 913
375 968
375 548
375 457
375 953
376 445
376 663
376 732
377 507
377 749
377 859
377 901
377 397
378 563
378 695
378 727
378 874
379 455
379 461
379 645
379 664
379 477
380 383
380 498
380 688
380 778
380 924
380 516
380 796
380 860
381 477
381 748
381 644
382 558
382 805
382 563
383 639
383 700
383 796
383 496
383 432
383 516
383 533
383 615
383 924
384 788
385 427
385 555
385 884
385 470
386 549
386 786
386 828
387 433
388 437
388 449
389 551
390 508
390 548
390 727
390 444
390 457
390 756
390 892
391 406
391 488
391 519
392 539
392 825
393 470
393 499
393 780
393 397
393 489
393 851
393 773
393 659
394 490
394 574
394 578
394 838
394 933
395 396
395 490
395 501
395 613
395 642
395 702
395 416
396 414
396 476
396 506
396 628
396 981
396 484
396 609
396 397
397 619
397 817
397 949
397 484
397 812
397 500
397 546
397 883
397 620
398 471
398 894
399 949
400 445
400 564
400 572
400 633
400 655
400 838
400 854
400 886
401 447
401 478
401 530
401 603
401 658
401 814
402 692
403 654
403 945
403 929
403 414
404 565
404 686
404 868
404 487
404 440
404 895
404 879
404 825
405 646
405 682
405 895
405 430
405 825
406 557
406 587
406 847
406 681
406 793
406 860
407 660
407 697
407 711
407 585
408 601
409 432
409 496
409 503
410 493
410 665
411 742
411 802
411 844
411 969
412 415
412 444
412 913
413 426
413 454
413 678
413 811
413 840
414 464
414 476
414 630
414 750
414 945
415 978
416 441
416 505
416 818
416 628
416 869
417 531
417 536
417 889
417 982
418 888
419 805
420 467
420 445
421 431
421 753
421 961
421 585
421 770
421 837
422 468
422 661
422 815
422 891
422 926
422 988
423 734
424 596
424 752
424 964
424 906
424 455
424 979
425 793
425 840
426 449
426 453
426 969
426 482
426 579
426 529
426 478
426 452
426 556
426 572
426 652
427 637
427 761
427 865
427 884
427 428
427 470
427 757
427 725
427 758
428 436
428 569
428 743
428 884
428 899
428 668
429 475
429 627
430 777
430 879
430 483
430 825
430 440
431 600
431 633
431 901
432 845
432 893
432 533
432 615
432 573
432 519
432 766
432 673
433 944
434 496
434 537
434 568
434 608
434 913
435 814
436 857
436 899
437 576
437 724
437 869
437 933
437 987
437 994
437 449
437 500
437 823
438 566
438 713
438 822
438 602
438 909
438 523
439 839
439 849
439 672
439 606
439 637
439 512
439 669
440 525
440 565
440 600
440 836
440 905
440 879
440 446
440 487
440 682
441 477
441 824
441 676
442 620
442 643
442 593
443 543
443 567
444 511
444 621
444 644
444 657
444 732
444 937
444 866
444 457
444 756
445 886
445 858
445 508
445 571
446 522
446 611
446 879
446 682
446 868
446 476
447 583
448 770
449 482
449 579
449 667
449 801
451 613
452 478
452 559
452 672
452 726
452 529
452 768
453 511
453 880
453 790
453 935
454 508
455 614
455 796
456 565
456 572
456 652
456 655
457 756
458 893
459 656
460 611
460 711
460 697
461 463
461 540
461 556
461 599
461 698
462 516
462 545
462 604
462 687
463 638
463 860
465 540
465 553
465 851
466 515
466 579
466 582
466 613
466 649
466 765
467 571
467 648
467 684
468 576
468 692
468 737
468 564
468 522
468 494
468 995
470 884
471 556
471 567
471 859
473 599
473 869
474 482
474 978
475 654
475 881
476 532
476 611
476 624
476 842
476 970
477 644
478 517
478 907
478 668
478 559
480 627
480 778
480 922
481 619
481 686
481 846
482 513
482 667
483 785
483 910
484 589
484 620
484 500
484 585
485 580
485 648
485 995
485 494
485 766
485 609
485 573
485 519
486 673
486 985
486 576
486 923
487 715
487 835
487 852
487 984
487 525
487 547
487 599
487 541
487 986
487 895
488 928
488 978
488 597
488 695
489 860
491 528
491 608
491 672
491 724
493 653
493 677
493 869
493 904
493 915
493 642
493 785
494 532
494 576
494 781
496 718
496 898
496 533
496 503
496 803
496 520
496 623
496 923
496 844
498 544
499 505
500 620
500 782
502 739
502 659
502 540
502 851
503 673
503 705
503 711
503 615
504 647
505 624
505 739
505 914
505 950
505 763
506 586
506 835
506 681
506 775
506 984
506 955
506 706
507 527
508 674
508 713
508 733
508 905
508 961
508 909
508 571
510 590
510 928
510 612
510 984
510 820
511 569
512 637
513 878
513 801
514 766
516 694
516 639
516 700
516 932
518 712
518 730
518 946
518 966
518 616
518 984
518 960
518 792
519 639
519 609
519 573
519 766
520 561
520 815
520 821
520 800
520 736
520 545
520 623
520 844
521 982
522 617
522 591
522 525
522 879
522 895
523 735
523 833
523 878
523 752
523 682
523 695
524 655
524 771
524 815
524 948
524 991
525 574
526 622
526 724
526 887
526 770
527 647
527 865
527 894
528 640
528 732
529 620
529 558
529 859
529 557
529 847
529 754
529 860
529 668
530 736
531 912
532 655
532 832
533 542
533 625
533 640
533 772
533 824
533 936
533 781
534 636
534 841
534 597
534 665
534 767
535 699
535 949
536 892
536 694
538 675
539 572
540 701
540 851
540 773
540 553
540 659
541 672
541 606
541 599
541 611
542 623
543 618
545 930
545 988
545 844
546 780
546 837
546 901
546 927
547 829
547 957
547 994
547 599
547 810
548 623
548 907
549 740
553 900
553 851
554 650
554 892
555 649
555 760
555 563
555 668
555 874
555 919
556 652
557 681
557 847
557 859
557 860
557 867
557 873
557 916
557 963
557 793
557 709
557 754
558 582
558 624
558 637
558 709
558 793
558 757
558 758
558 867
558 847
558 859
558 681
558 750
558 723
558 600
558 929
559 672
560 589
560 629
560 981
561 736
563 808
563 874
563 919
563 774
564 660
565 917
565 937
565 969
567 827
568 583
568 673
569 629
569 719
569 736
569 972
569 899
570 620
570 996
571 616
572 705
572 800
572 652
573 704
574 634
574 790
574 866
576 700
576 781
576 995
578 621
578 742
580 644
580 677
582 950
582 822
583 741
585 660
585 782
585 959
585 817
585 945
585 770
586 681
586 775
586 792
586 691
586 901
587 730
587 748
588 757
588 834
589 618
589 685
589 745
589 936
590 991
591 825
591 942
591 979
592 668
592 917
593 854
594 718
595 712
595 763
595 933
596 979
597 599
597 956
597 974
598 700
599 614
599 773
599 766
599 757
600 723
600 945
601 737
601 831
602 687
602 707
602 713
604 920
606 669
606 984
606 855
606 786
607 881
608 773
609 766
609 812
610 637
610 741
610 753
610 757
610 758
610 751
610 763
610 760
611 740
611 746
611 890
611 757
611 711
612 901
612 682
612 782
614 937
615 627
615 781
616 712
616 721
616 778
616 796
616 960
616 835
616 966
616 984
618 843
618 920
619 669
620 709
620 889
620 754
622 700
623 667
623 834
623 898
623 923
623 907
626 668
626 768
627 681
628 727
628 856
628 719
628 776
628 950
628 746
628 827
630 848
631 870
632 696
633 684
633 783
633 861
633 993
633 827
633 979
633 654
634 785
634 946
634 792
635 746
635 939
636 665
636 767
637 725
637 751
637 763
637 881
637 933
637 669
637 760
638 666
638 821
638 855
638 916
638 968
638 982
638 846
639 866
639 989
639 932
641 821
642 785
642 701
642 747
642 719
642 776
642 690
643 664
643 745
643 798
643 870
644 816
645 836
646 675
646 765
646 919
647 680
647 850
647 962
647 970
648 682
649 692
650 729
650 746
650 861
650 858
652 800
654 684
654 890
654 806
655 689
659 938
659 851
660 938
661 756
662 761
662 797
663 675
663 711
663 697
664 879
664 910
664 918
664 951
664 954
664 993
665 734
665 789
666 803
666 804
666 855
666 896
668 917
668 820
668 726
669 801
669 855
669 672
672 726
674 849
674 886
675 779
675 794
675 858
677 743
677 943
678 799
679 690
679 726
679 812
679 954
680 759
680 790
680 904
681 691
681 775
681 846
681 867
682 879
682 782
682 986
684 940
684 990
684 782
684 827
685 876
685 922
685 982
686 736
687 791
688 860
688 896
688 968
690 771
690 841
690 931
690 948
690 716
691 901
691 780
692 924
693 939
695 776
696 719
696 864
697 719
697 711
698 773
700 935
700 790
703 852
704 791
705 910
705 711
705 781
706 776
708 751
709 754
709 847
709 793
709 860
709 867
711 781
713 909
713 916
718 745
718 833
719 950
720 841
720 926
720 941
720 793
721 771
721 948
725 751
725 741
725 757
725 753
726 876
726 768
727 814
728 875
728 983
730 922
730 951
733 882
734 839
735 752
736 777
736 820
740 768
741 753
741 751
741 757
743 908
744 970
744 979
747 957
749 916
750 938
751 756
751 963
752 906
753 867
753 758
753 763
754 801
754 859
754 867
756 892
756 866
757 776
757 760
758 760
761 782
761 897
762 902
763 881
763 933
764 857
766 769
767 890
771 948
773 902
774 805
774 854
774 909
775 784
775 792
776 903
778 854
778 924
779 887
780 860
780 883
781 872
782 795
786 939
786 855
788 843
789 852
790 929
792 946
793 847
793 941
796 877
796 932
798 870
801 907
802 942
803 882
803 892
806 827
806 990
806 979
808 949
809 961
812 931
813 816
813 929
817 895
817 953
819 952
822 903
822 991
825 844
825 868
825 895
827 914
827 940
827 869
828 968
828 973
829 919
829 874
833 950
835 955
835 966
835 960
843 886
844 986
844 923
847 860
849 862
850 894
859 860
860 927
860 968
861 879
861 916
862 944
863 991
866 892
868 879
868 986
871 965
873 886
874 957
877 911
877 975
878 897
881 993
888 979
890 973
891 993
896 968
897 984
898 923
899 971
901 954
903 950
906 982
908 971
909 916
913 987
914 954
916 947
919 957
921 980
921 996
922 980
929 945
936 974
940 952
949 967
955 960
958 988
960 966
960 984
966 984
979 990
