0 43
0 46
0 50
0 64
0 76
0 83
0 99
0 108
0 127
0 138
0 157
0 187
0 209
0 221
0 232
0 267
0 270
0 289
0 296
0 326
0 333
0 335
0 370
0 373
0 375
0 384
0 458
0 465
0 499
0 500
0 566
0 572
0 580
0 596
0 678
0 685
0 687
0 696
0 714
0 740
0 743
0 759
0 766
0 782
0 829
0 833
0 836
0 841
0 883
0 891
0 892
0 913
0 943
0 965
0 986
0 87
0 236
0 862
0 224
0 202
0 523
0 250
0 164
0 324
0 148
0 741
0 101
0 37
0 565
0 822
0 170
0 47
0 65
0 789
0 201
0 363
0 953
0 174
0 265
0 321
0 754
0 243
0 784
0 241
0 141
0 655
0 761
0 222
0 88
0 366
0 51
0 237
0 600
0 27
0 680
0 529
0 950
0 210
0 401
0 637
0 147
0 983
0 855
0 145
0 66
0 40
0 14
0 113
0 20
0 408
0 744
0 812
0 670
0 690
0 726
0 667
0 19
0 45
0 451
0 610
0 15
0 28
0 549
0 206
0 42
0 17
0 38
1 103
1 107
1 116
1 175
1 197
1 215
1 231
1 245
1 271
1 332
1 335
1 343
1 384
1 429
1 483
1 540
1 601
1 630
1 678
1 706
1 710
1 715
1 739
1 772
1 788
1 829
1 840
1 852
1 908
1 174
1 101
1 224
1 47
1 236
1 177
1 133
1 374
1 297
1 744
1 551
1 411
1 249
1 610
1 757
1 106
1 713
1 91
1 822
1 123
1 815
1 989
1 775
1 119
1 655
1 31
1 538
1 444
1 19
1 48
1 87
1 764
1 80
1 488
1 433
1 714
1 776
1 248
1 114
1 387
1 448
1 588
1 341
1 355
1 690
1 409
1 742
1 34
1 339
1 751
1 780
1 92
1 365
1 49
1 233
1 557
1 3
1 932
1 670
1 342
1 212
1 13
1 38
1 94
2 52
2 92
2 107
2 109
2 116
2 117
2 125
2 134
2 150
2 153
2 163
2 171
2 178
2 180
2 186
2 210
2 212
2 213
2 237
2 281
2 287
2 291
2 293
2 304
2 305
2 309
2 311
2 314
2 319
2 328
2 350
2 373
2 421
2 427
2 430
2 449
2 484
2 487
2 494
2 507
2 534
2 611
2 622
2 627
2 640
2 698
2 793
2 810
2 844
2 884
2 956
2 962
2 966
2 977
2 862
2 677
2 91
2 86
2 411
2 744
2 822
2 581
2 108
2 370
2 641
2 89
2 97
2 606
2 435
2 584
2 288
2 422
2 892
2 927
2 31
2 174
2 799
2 830
2 741
2 129
2 123
2 831
2 118
2 341
2 731
2 680
2 460
2 128
2 540
2 141
2 454
2 131
2 368
2 155
2 959
2 17
2 47
2 41
2 18
3 205
3 287
3 391
3 463
3 518
3 536
3 537
3 577
3 660
3 737
3 748
3 777
3 870
3 161
3 202
3 87
3 657
3 91
3 684
3 941
3 395
3 63
3 321
3 265
3 693
3 81
3 151
3 22
3 409
3 119
3 23
3 241
3 141
3 413
3 250
3 155
3 538
3 82
3 25
3 237
3 137
3 35
3 600
3 186
3 32
3 196
3 393
3 564
3 373
3 598
3 540
3 698
3 535
3 879
3 9
3 13
3 955
3 11
3 54
3 5
3 212
3 961
3 80
3 33
3 45
4 71
4 124
4 149
4 210
4 211
4 282
4 291
4 342
4 365
4 407
4 442
4 445
4 764
4 774
4 850
4 954
4 974
4 757
4 146
4 862
4 202
4 133
4 177
4 950
4 91
4 437
4 822
4 713
4 158
4 96
4 379
4 688
4 497
4 604
4 28
4 925
4 122
4 244
4 89
4 20
4 106
4 41
4 88
4 224
4 606
4 368
4 367
4 775
4 655
4 22
4 53
4 366
4 353
4 541
4 605
4 512
4 694
4 186
4 600
4 196
4 831
4 137
4 140
4 981
4 730
4 923
4 55
4 586
4 339
4 10
4 708
4 725
4 665
4 14
4 12
4 23
4 719
4 8
4 29
4 697
4 5
4 68
4 671
4 7
4 438
4 15
4 18
5 23
5 57
5 64
5 80
5 89
5 104
5 113
5 117
5 134
5 155
5 174
5 177
5 186
5 187
5 199
5 217
5 223
5 226
5 227
5 243
5 261
5 262
5 267
5 278
5 313
5 321
5 334
5 350
5 354
5 362
5 391
5 400
5 405
5 416
5 442
5 446
5 447
5 474
5 522
5 526
5 533
5 577
5 580
5 602
5 611
5 620
5 624
5 655
5 705
5 742
5 752
5 761
5 769
5 784
5 789
5 801
5 828
5 840
5 845
5 851
5 877
5 915
5 948
5 961
5 975
5 988
5 989
5 40
5 904
5 74
5 133
5 327
5 250
5 81
5 757
5 150
5 131
5 994
5 875
5 716
5 424
5 719
5 581
5 122
5 254
5 244
5 958
5 220
5 27
5 539
5 698
5 376
5 175
5 557
5 281
5 873
5 847
5 215
5 529
5 744
5 125
5 166
5 393
5 731
5 755
5 524
5 222
5 505
5 558
5 128
5 24
5 44
5 37
5 439
5 75
5 749
5 571
5 425
5 556
5 949
5 202
5 496
5 682
5 341
5 952
5 518
5 87
5 295
5 301
5 284
5 90
5 373
5 141
5 240
5 509
5 210
5 950
5 502
5 323
5 854
5 120
5 34
5 751
5 881
5 452
5 160
5 135
5 535
5 995
5 436
5 929
5 11
5 69
5 112
5 143
5 103
5 13
5 678
5 812
5 690
5 955
5 344
5 259
5 139
5 273
5 985
5 252
5 14
5 610
5 18
5 844
5 289
5 667
5 265
5 6
5 318
5 85
5 91
5 94
6 24
6 91
6 111
6 126
6 133
6 138
6 147
6 148
6 161
6 185
6 191
6 199
6 202
6 209
6 213
6 217
6 219
6 244
6 254
6 267
6 278
6 280
6 308
6 317
6 331
6 413
6 437
6 445
6 466
6 471
6 484
6 488
6 517
6 543
6 556
6 592
6 597
6 615
6 657
6 671
6 675
6 724
6 740
6 746
6 752
6 775
6 791
6 801
6 815
6 820
6 831
6 833
6 885
6 940
6 946
6 948
6 166
6 320
6 862
6 236
6 677
6 338
6 500
6 535
6 382
6 344
6 519
6 194
6 117
6 37
6 103
6 78
6 822
6 106
6 122
6 719
6 641
6 825
6 43
6 281
6 799
6 493
6 390
6 49
6 249
6 28
6 36
6 444
6 836
6 366
6 35
6 741
6 830
6 300
6 388
6 193
6 433
6 896
6 87
6 102
6 843
6 370
6 509
6 55
6 901
6 288
6 485
6 145
6 243
6 340
6 40
6 189
6 19
6 86
6 66
6 39
6 389
6 876
6 76
6 96
6 812
6 678
6 932
6 85
6 470
6 23
6 353
6 139
6 605
6 768
6 14
6 15
6 42
6 17
6 41
6 18
6 11
6 9
6 625
7 55
7 77
7 79
7 86
7 95
7 96
7 106
7 115
7 122
7 126
7 139
7 148
7 149
7 152
7 171
7 172
7 174
7 176
7 184
7 239
7 257
7 261
7 298
7 321
7 322
7 324
7 334
7 376
7 377
7 410
7 425
7 441
7 471
7 493
7 546
7 561
7 562
7 632
7 703
7 723
7 769
7 773
7 807
7 820
7 829
7 835
7 925
7 936
7 953
7 973
7 985
7 677
7 862
7 206
7 646
7 636
7 119
7 580
7 741
7 472
7 331
7 405
7 852
7 37
7 135
7 382
7 510
7 581
7 108
7 370
7 213
7 719
7 904
7 85
7 74
7 94
7 642
7 619
7 660
7 775
7 917
7 859
7 215
7 529
7 698
7 166
7 799
7 744
7 187
7 275
7 464
7 851
7 793
7 505
7 668
7 366
7 512
7 53
7 35
7 469
7 885
7 123
7 831
7 186
7 600
7 237
7 714
7 80
7 764
7 87
7 776
7 896
7 66
7 341
7 210
7 834
7 509
7 950
7 866
7 49
7 750
7 145
7 29
7 117
7 446
7 485
7 264
7 276
7 443
7 905
7 28
7 408
7 40
7 860
7 379
7 103
7 203
7 229
7 559
7 263
7 347
7 18
7 268
7 610
7 41
7 844
7 27
7 31
7 68
8 25
8 37
8 40
8 53
8 81
8 88
8 89
8 106
8 117
8 134
8 137
8 166
8 172
8 185
8 186
8 190
8 198
8 212
8 213
8 236
8 238
8 248
8 249
8 254
8 271
8 274
8 330
8 334
8 355
8 362
8 380
8 398
8 421
8 437
8 447
8 488
8 494
8 537
8 544
8 553
8 569
8 587
8 629
8 634
8 641
8 650
8 653
8 727
8 728
8 737
8 749
8 763
8 788
8 880
8 922
8 931
8 941
8 953
8 960
8 993
8 635
8 767
8 936
8 923
8 180
8 677
8 133
8 883
8 306
8 891
8 92
8 925
8 604
8 982
8 789
8 31
8 606
8 684
8 475
8 151
8 775
8 531
8 416
8 458
8 859
8 524
8 755
8 187
8 623
8 793
8 293
8 381
8 36
8 965
8 196
8 600
8 616
8 467
8 440
8 928
8 51
8 23
8 85
8 49
8 301
8 813
8 838
8 295
8 393
8 29
8 854
8 323
8 55
8 87
8 950
8 426
8 834
8 866
8 751
8 34
8 177
8 750
8 116
8 719
8 108
8 744
8 66
8 379
8 969
8 112
8 303
8 816
8 876
8 57
8 42
8 610
8 12
8 844
8 45
9 23
9 25
9 38
9 46
9 49
9 56
9 57
9 77
9 83
9 93
9 99
9 112
9 113
9 123
9 135
9 173
9 174
9 177
9 228
9 238
9 244
9 253
9 254
9 260
9 271
9 272
9 286
9 320
9 325
9 356
9 385
9 462
9 500
9 507
9 545
9 575
9 576
9 580
9 585
9 635
9 642
9 644
9 674
9 697
9 790
9 804
9 810
9 828
9 853
9 867
9 873
9 886
9 913
9 927
9 945
9 954
9 534
9 757
9 224
9 677
9 236
9 47
9 91
9 114
9 950
9 713
9 953
9 660
9 693
9 70
9 321
9 596
9 684
9 376
9 738
9 36
9 24
9 538
9 37
9 836
9 28
9 366
9 749
9 965
9 196
9 600
9 32
9 193
9 137
9 206
9 44
9 542
9 581
9 62
9 730
9 981
9 626
9 926
9 855
9 401
9 268
9 821
9 172
9 239
9 35
9 924
9 488
9 446
9 288
9 243
9 117
9 438
9 242
9 340
9 905
9 19
9 164
9 82
9 66
9 85
9 181
9 142
9 897
9 68
9 50
9 454
9 403
9 678
9 812
9 932
9 955
9 835
9 273
9 14
9 21
9 34
9 625
9 768
9 667
9 399
10 22
10 26
10 31
10 42
10 60
10 62
10 64
10 101
10 111
10 130
10 133
10 138
10 150
10 154
10 156
10 168
10 203
10 215
10 219
10 252
10 257
10 274
10 307
10 310
10 316
10 334
10 375
10 399
10 408
10 425
10 432
10 501
10 533
10 553
10 555
10 605
10 616
10 631
10 697
10 767
10 823
10 897
10 913
10 941
10 984
10 997
10 973
10 292
10 628
10 511
10 735
10 381
10 250
10 325
10 272
10 331
10 580
10 119
10 741
10 243
10 306
10 488
10 194
10 454
10 73
10 105
10 541
10 103
10 677
10 880
10 94
10 412
10 453
10 791
10 300
10 265
10 761
10 822
10 49
10 366
10 836
10 74
10 118
10 355
10 120
10 92
10 177
10 36
10 757
10 426
10 19
10 29
10 82
10 397
10 66
10 108
10 147
10 557
10 382
10 636
10 348
10 188
10 28
10 186
10 11
11 22
11 24
11 25
11 29
11 38
11 40
11 46
11 64
11 75
11 88
11 108
11 119
11 167
11 179
11 184
11 188
11 293
11 303
11 359
11 364
11 390
11 396
11 398
11 450
11 456
11 527
11 538
11 547
11 588
11 614
11 704
11 710
11 764
11 805
11 812
11 817
11 872
11 889
11 914
11 977
11 997
11 757
11 695
11 638
11 133
11 87
11 523
11 172
11 65
11 235
11 325
11 103
11 100
11 91
11 822
11 565
11 437
11 160
11 535
11 539
11 131
11 441
11 775
11 151
11 141
11 155
11 250
11 560
11 714
11 896
11 488
11 628
11 383
11 690
11 269
11 409
11 289
11 35
11 173
11 203
11 56
11 105
11 577
11 90
11 78
11 214
11 468
11 117
11 55
11 958
11 995
11 344
11 443
11 264
11 45
11 276
11 113
11 397
11 744
11 66
11 147
11 69
11 33
11 224
11 82
11 405
11 30
11 62
11 519
11 13
11 955
11 212
11 54
11 670
11 265
11 768
11 12
11 667
12 13
12 80
12 146
12 349
12 384
12 574
12 657
12 704
12 803
12 909
12 912
12 944
12 953
12 240
12 825
12 131
12 441
12 619
12 642
12 48
12 847
12 423
12 799
12 94
12 309
12 744
12 249
12 390
12 92
12 293
12 381
12 505
12 37
12 36
12 721
12 556
12 771
12 455
12 571
12 355
12 690
12 391
12 66
12 770
12 26
12 697
12 557
12 649
12 987
12 27
12 45
12 844
12 410
12 46
12 265
12 625
12 318
12 85
12 667
13 243
13 265
13 400
13 625
13 822
13 106
13 91
13 156
13 775
13 141
13 22
13 250
13 82
13 680
13 393
13 924
13 535
13 932
13 342
13 726
13 678
13 85
13 46
13 667
13 186
14 24
14 27
14 30
14 47
14 52
14 64
14 78
14 80
14 86
14 90
14 96
14 101
14 107
14 119
14 143
14 197
14 199
14 201
14 207
14 250
14 276
14 317
14 328
14 350
14 490
14 543
14 565
14 578
14 661
14 695
14 703
14 724
14 798
14 871
14 951
14 511
14 973
14 292
14 231
14 174
14 40
14 31
14 356
14 170
14 361
14 190
14 942
14 523
14 235
14 735
14 188
14 381
14 272
14 288
14 42
14 925
14 688
14 158
14 41
14 106
14 953
14 281
14 859
14 405
14 873
14 681
14 557
14 222
14 581
14 558
14 733
14 37
14 366
14 644
14 905
14 588
14 102
14 442
14 921
14 62
14 669
14 23
14 103
14 181
14 112
14 690
14 341
14 926
14 82
14 35
14 855
14 228
14 29
14 113
14 147
14 66
14 18
14 15
14 549
14 610
14 206
15 45
15 47
15 66
15 73
15 84
15 126
15 135
15 137
15 139
15 141
15 159
15 166
15 175
15 178
15 215
15 222
15 224
15 232
15 270
15 284
15 295
15 297
15 340
15 352
15 372
15 374
15 377
15 385
15 386
15 461
15 478
15 626
15 734
15 742
15 819
15 853
15 921
15 941
15 968
15 336
15 562
15 936
15 904
15 942
15 86
15 459
15 91
15 164
15 900
15 892
15 421
15 547
15 486
15 92
15 822
15 44
15 204
15 174
15 684
15 585
15 416
15 605
15 438
15 353
15 273
15 366
15 53
15 668
15 973
15 380
15 387
15 248
15 114
15 35
15 497
15 499
15 543
15 80
15 87
15 72
15 393
15 620
15 468
15 750
15 576
15 108
15 93
15 116
15 214
15 37
15 29
15 165
15 443
15 288
15 770
15 719
15 147
15 408
15 397
15 440
15 229
15 30
15 610
15 206
15 19
15 28
15 18
16 24
16 52
16 53
16 60
16 89
16 95
16 98
16 99
16 112
16 169
16 186
16 215
16 252
16 261
16 296
16 304
16 340
16 379
16 404
16 450
16 497
16 502
16 515
16 530
16 536
16 540
16 557
16 560
16 600
16 604
16 612
16 623
16 685
16 704
16 736
16 751
16 752
16 835
16 868
16 880
16 943
16 327
16 950
16 457
16 265
16 580
16 757
16 150
16 636
16 778
16 688
16 925
16 85
16 144
16 82
16 519
16 48
16 187
16 390
16 405
16 41
16 70
16 174
16 22
16 684
16 655
16 458
16 23
16 281
16 529
16 847
16 793
16 558
16 581
16 143
16 293
16 678
16 27
16 351
16 731
16 165
16 439
16 920
16 851
16 990
16 773
16 923
16 681
16 223
16 910
16 948
16 177
16 55
16 145
16 472
16 750
16 331
16 452
16 511
16 39
16 142
16 467
16 638
16 985
16 80
17 23
17 53
17 95
17 126
17 151
17 175
17 300
17 309
17 364
17 468
17 527
17 546
17 575
17 579
17 141
17 655
17 458
17 166
17 58
17 35
17 19
17 203
17 177
17 340
17 189
17 549
17 740
17 206
17 47
17 28
17 45
17 393
18 30
18 31
18 38
18 70
18 73
18 88
18 89
18 106
18 123
18 153
18 209
18 213
18 246
18 273
18 277
18 304
18 319
18 320
18 334
18 355
18 360
18 379
18 451
18 468
18 539
18 565
18 581
18 643
18 669
18 709
18 723
18 726
18 728
18 794
18 800
18 888
18 898
18 160
18 778
18 122
18 254
18 20
18 149
18 272
18 244
18 150
18 941
18 94
18 860
18 698
18 50
18 58
18 381
18 35
18 343
18 154
18 322
18 448
18 87
18 771
18 690
18 524
18 721
18 571
18 308
18 102
18 617
18 588
18 843
18 348
18 97
18 281
18 813
18 108
18 40
18 750
18 120
18 51
18 556
18 294
18 79
18 820
18 48
18 987
18 28
18 21
18 306
19 23
19 26
19 86
19 114
19 171
19 190
19 194
19 208
19 213
19 217
19 231
19 272
19 345
19 375
19 451
19 515
19 517
19 621
19 731
19 758
19 779
19 783
19 786
19 792
19 850
19 886
19 888
19 914
19 971
19 75
19 459
19 650
19 541
19 457
19 495
19 437
19 713
19 684
19 941
19 775
19 25
19 24
19 31
19 538
19 155
19 644
19 981
19 52
19 61
19 697
19 151
19 263
19 820
19 135
19 347
19 206
19 37
19 42
20 40
20 60
20 85
20 122
20 144
20 220
20 254
20 272
20 381
20 386
20 408
20 472
20 585
20 598
20 691
20 728
20 748
20 816
20 919
20 936
20 959
20 97
20 89
20 38
20 49
20 458
20 750
20 116
20 78
20 261
20 511
20 64
20 392
21 23
21 44
21 58
21 86
21 91
21 94
21 98
21 123
21 136
21 166
21 185
21 369
21 412
21 592
21 644
21 645
21 660
21 694
21 851
21 898
21 453
21 104
21 318
21 505
21 182
21 125
21 427
21 811
21 840
21 941
21 61
21 88
21 261
21 119
21 750
22 158
22 195
22 275
22 285
22 364
22 397
22 406
22 427
22 491
22 516
22 665
22 802
22 809
22 819
22 824
22 847
22 873
22 878
22 883
22 174
22 155
22 31
22 538
22 82
22 658
22 25
22 313
22 105
22 544
22 467
22 616
22 56
22 530
22 289
22 670
22 79
22 173
22 845
23 201
23 257
23 308
23 335
23 424
23 453
23 457
23 516
23 556
23 635
23 717
23 811
23 839
23 904
23 983
23 72
23 135
23 664
23 119
23 142
23 581
23 103
23 68
23 143
23 719
23 61
23 25
23 455
24 92
24 107
24 387
24 410
24 414
24 495
24 583
24 749
24 770
24 807
24 851
24 31
24 444
24 29
24 538
25 47
25 50
25 66
25 75
25 101
25 145
25 266
25 270
25 291
25 307
25 389
25 400
25 426
25 441
25 448
25 465
25 609
25 630
25 664
25 685
25 699
25 747
25 750
25 765
25 779
25 870
25 883
25 931
25 957
25 978
25 452
25 719
25 568
25 64
25 126
25 292
25 80
25 942
25 950
25 114
25 176
25 144
25 119
25 150
25 48
25 638
25 82
25 390
25 30
25 62
25 224
25 31
25 88
25 97
25 84
25 142
25 92
25 250
25 155
25 896
25 560
25 61
25 188
25 243
25 758
25 261
26 39
26 49
26 52
26 57
26 69
26 83
26 116
26 148
26 155
26 163
26 197
26 254
26 292
26 296
26 301
26 303
26 304
26 322
26 346
26 347
26 377
26 413
26 432
26 469
26 482
26 574
26 595
26 650
26 719
26 738
26 743
26 874
26 974
26 986
26 144
26 47
26 899
26 114
26 91
26 744
26 249
26 657
26 297
26 374
26 478
26 498
26 852
26 405
26 164
26 500
26 298
26 576
26 475
26 202
26 923
26 341
26 433
26 33
26 770
26 66
26 142
26 969
26 62
26 51
27 52
27 54
27 56
27 62
27 79
27 89
27 158
27 165
27 188
27 211
27 234
27 298
27 378
27 644
27 738
27 743
27 879
27 49
27 825
27 391
27 94
27 799
27 166
27 125
27 423
27 100
27 39
27 731
27 874
27 248
27 678
27 57
27 32
27 36
27 333
27 327
27 539
27 329
27 757
27 59
28 49
28 53
28 192
28 405
28 490
28 603
28 621
28 640
28 745
28 160
28 96
28 379
28 158
28 497
28 135
28 92
28 52
28 644
28 75
28 444
28 45
28 610
28 740
28 987
28 410
28 37
28 392
29 37
29 117
29 165
29 243
29 276
29 384
29 438
29 443
29 446
29 485
29 574
29 591
29 735
29 742
29 813
29 953
29 272
29 81
29 235
29 67
29 920
29 874
29 439
29 393
29 66
29 264
29 351
29 779
29 45
29 363
29 43
29 584
29 499
29 288
29 64
30 77
30 84
30 139
30 171
30 173
30 256
30 295
30 324
30 351
30 368
30 389
30 420
30 471
30 504
30 513
30 519
30 552
30 569
30 572
30 656
30 711
30 734
30 874
30 889
30 968
30 187
30 62
30 467
30 638
30 209
30 263
30 31
30 49
30 275
30 128
30 658
30 598
30 152
30 32
30 555
30 248
30 57
30 773
30 392
30 512
30 438
30 229
30 53
30 144
30 826
30 218
30 197
30 365
30 390
30 203
31 78
31 95
31 110
31 279
31 289
31 346
31 419
31 422
31 494
31 578
31 595
31 652
31 662
31 664
31 747
31 749
31 772
31 802
31 842
31 170
31 174
31 361
31 106
31 49
31 88
31 822
31 36
31 444
31 766
31 71
32 113
32 133
32 177
32 178
32 191
32 285
32 331
32 398
32 424
32 487
32 529
32 551
32 560
32 632
32 666
32 717
32 725
32 868
32 934
32 944
32 100
32 103
32 563
32 44
32 165
32 617
32 653
32 57
32 920
32 248
32 67
32 186
32 196
32 831
32 409
32 341
32 355
32 87
32 55
32 210
32 339
32 34
32 874
33 192
33 299
33 345
33 421
33 456
33 462
33 756
33 374
33 49
33 607
33 217
33 129
33 411
33 467
33 660
33 776
33 80
33 75
33 87
33 488
33 560
33 355
33 409
33 491
33 557
33 277
33 523
33 221
34 226
34 232
34 373
34 492
34 509
34 564
34 641
34 679
34 786
34 113
34 398
34 64
34 526
34 435
34 952
34 730
34 39
34 55
34 518
34 229
34 239
34 120
34 133
35 67
35 98
35 105
35 124
35 158
35 178
35 242
35 251
35 290
35 295
35 327
35 414
35 491
35 525
35 571
35 646
35 647
35 677
35 774
35 821
35 825
35 892
35 895
35 962
35 664
35 767
35 101
35 305
35 486
35 137
35 154
35 114
35 448
35 387
35 617
35 351
35 442
35 102
35 921
35 39
35 818
35 177
35 173
35 160
35 56
35 203
35 530
35 462
35 172
35 268
35 917
35 665
35 147
35 855
35 969
35 42
36 358
36 457
36 463
36 594
36 764
36 787
36 133
36 950
36 627
36 370
36 127
36 60
36 220
36 245
36 77
36 142
36 518
36 141
36 173
36 206
36 289
36 364
36 530
36 55
36 177
36 120
36 45
37 120
37 208
37 229
37 449
37 463
37 500
37 729
37 828
37 844
37 887
37 333
37 42
37 128
37 77
37 366
37 439
37 836
37 243
37 45
37 485
37 41
37 59
38 92
38 94
38 103
38 142
38 150
38 185
38 208
38 212
38 441
38 592
38 854
38 695
38 904
38 75
38 89
38 642
38 479
39 111
39 204
39 286
39 303
39 351
39 418
39 563
39 693
39 755
39 805
39 890
39 177
39 950
39 398
39 940
39 619
39 920
39 731
39 152
39 653
39 67
39 183
39 269
39 690
39 118
39 341
39 140
39 409
39 58
39 730
39 952
39 215
39 678
40 70
40 78
40 90
40 93
40 108
40 180
40 186
40 204
40 306
40 348
40 506
40 706
40 776
40 857
40 920
40 75
40 194
40 361
40 170
40 318
40 453
40 235
40 144
40 272
40 89
40 97
40 41
40 973
40 757
40 51
40 242
40 293
40 744
40 680
41 83
41 170
41 247
41 252
41 335
41 630
41 634
41 937
41 49
41 70
41 42
41 63
41 142
41 240
41 799
41 166
41 309
41 698
41 100
41 45
41 844
41 59
41 47
42 70
42 81
42 167
42 175
42 243
42 265
42 300
42 321
42 376
42 596
42 693
42 698
42 754
42 762
42 775
42 977
42 123
42 418
42 825
42 391
42 49
42 77
42 121
42 333
42 44
42 366
42 836
42 549
42 610
43 56
43 58
43 200
43 284
43 347
43 584
43 643
43 817
43 63
43 391
43 333
43 44
43 782
43 526
43 770
43 483
43 659
43 779
43 288
44 59
44 84
44 93
44 268
44 286
44 287
44 399
44 416
44 455
44 490
44 518
44 529
44 561
44 614
44 683
44 693
44 836
44 871
44 912
44 972
44 554
44 457
44 210
44 541
44 191
44 650
44 770
44 439
44 206
44 818
44 148
44 99
44 779
44 483
44 363
44 584
44 659
44 373
45 94
45 109
45 113
45 119
45 130
45 138
45 144
45 180
45 181
45 192
45 197
45 227
45 234
45 260
45 263
45 282
45 322
45 344
45 380
45 389
45 398
45 410
45 460
45 522
45 523
45 531
45 594
45 738
45 759
45 785
45 813
45 826
45 851
45 876
45 879
45 922
45 996
45 206
45 635
45 950
45 133
45 177
45 330
45 363
45 117
45 174
45 698
45 166
45 50
45 82
45 286
45 586
45 952
45 462
45 598
45 378
45 485
45 264
45 446
45 438
45 477
45 135
45 425
45 820
45 451
45 667
45 393
45 850
45 769
45 844
45 48
45 59
45 960
45 64
45 584
45 526
45 782
45 288
46 57
46 85
46 106
46 115
46 154
46 458
46 486
46 518
46 855
46 896
46 667
46 318
46 768
47 55
47 161
47 185
47 225
47 459
47 236
47 146
47 87
47 180
47 202
47 54
47 91
47 190
47 301
47 156
47 435
47 840
47 782
47 50
47 66
47 145
47 389
47 410
47 987
48 79
48 110
48 263
48 405
48 638
48 467
48 103
48 441
48 94
48 689
48 58
48 935
48 410
48 59
48 987
49 71
49 116
49 130
49 140
49 182
49 187
49 274
49 371
49 391
49 496
49 550
49 718
49 722
49 875
49 885
49 411
49 551
49 683
49 192
49 302
49 607
49 744
49 70
49 186
49 128
49 77
49 63
49 539
49 249
49 524
49 761
49 190
49 949
49 838
49 281
49 813
49 284
49 155
49 99
49 87
49 255
49 368
49 367
49 766
49 422
50 137
50 330
50 386
50 407
50 514
50 573
50 148
50 657
51 59
51 170
51 273
51 282
51 292
51 306
51 319
51 323
51 400
51 419
51 501
51 541
51 555
51 675
51 679
51 708
51 819
51 832
51 869
51 925
51 206
51 534
51 314
51 156
51 424
51 716
51 579
51 719
51 134
51 641
51 213
51 626
51 479
51 241
51 248
51 186
51 137
51 193
51 831
51 542
51 581
51 373
51 70
51 108
51 767
51 143
51 403
51 303
51 668
51 671
52 190
52 257
52 258
52 821
52 82
52 348
52 284
52 145
52 281
52 85
52 838
52 295
52 527
53 61
53 121
53 311
53 347
53 381
53 491
53 526
53 675
53 679
53 850
53 963
53 986
53 268
53 366
53 605
53 273
53 671
53 127
53 139
53 438
53 636
54 56
54 57
54 60
54 98
54 115
54 118
54 144
54 153
54 161
54 168
54 214
54 284
54 387
54 458
54 489
54 534
54 563
54 594
54 729
54 748
54 811
54 812
54 814
54 937
54 960
54 677
54 236
54 862
54 87
54 900
54 427
54 934
54 155
54 612
54 453
54 101
54 212
55 120
55 138
55 204
55 253
55 308
55 370
55 411
55 450
55 453
55 504
55 510
55 546
55 798
55 809
55 827
55 847
55 848
55 977
55 995
55 950
55 436
55 160
55 87
55 502
55 210
55 499
55 834
55 854
55 866
55 133
55 751
55 78
55 223
55 344
56 105
56 106
56 136
56 209
56 226
56 266
56 272
56 279
56 342
56 371
56 413
56 424
56 427
56 515
56 601
56 689
56 738
56 355
56 93
56 656
56 177
57 156
57 312
57 351
57 802
57 876
57 980
57 617
57 165
57 452
57 160
57 521
57 96
57 587
57 310
58 375
58 433
58 789
58 618
58 840
58 182
58 782
58 577
58 560
58 92
58 140
58 409
59 94
59 158
59 401
59 485
59 520
59 545
59 844
59 899
59 948
59 64
59 182
59 125
59 289
60 71
60 79
60 81
60 122
60 130
60 219
60 259
60 362
60 394
60 426
60 507
60 513
60 562
60 687
60 762
60 957
60 227
60 244
60 85
60 318
61 72
61 81
61 107
61 121
61 136
61 157
61 168
61 183
61 205
61 240
61 261
61 320
61 372
61 383
61 425
61 489
61 519
61 521
61 529
61 615
61 682
61 689
61 697
61 804
61 472
61 331
61 758
61 73
61 103
61 934
61 612
61 187
61 209
61 467
61 160
61 405
61 92
61 660
61 892
61 750
61 881
61 215
61 917
61 390
61 263
61 277
61 221
62 189
62 251
62 268
62 325
62 349
62 358
62 434
62 475
62 509
62 549
62 628
62 811
62 818
62 897
62 789
62 278
62 782
62 390
62 187
62 467
62 638
62 209
62 542
62 85
62 581
62 103
62 405
63 109
63 122
63 237
63 285
63 298
63 302
63 391
63 403
63 476
63 694
63 955
63 815
63 706
63 300
63 658
63 132
63 620
63 100
63 70
63 128
63 77
63 539
63 379
63 85
63 688
64 81
64 172
64 325
64 381
64 445
64 473
64 511
64 517
64 545
64 665
64 677
64 728
64 735
64 895
64 292
64 85
64 982
64 886
64 935
64 155
64 173
64 99
64 782
64 779
64 526
64 373
64 584
64 363
64 659
65 782
65 789
65 840
65 982
65 81
65 381
65 735
65 325
65 272
65 250
65 752
65 410
66 75
66 108
66 145
66 171
66 331
66 332
66 339
66 348
66 433
66 472
66 684
66 784
66 909
66 912
66 928
66 774
66 251
66 341
66 488
66 896
66 189
66 744
66 82
67 72
67 328
67 345
67 402
67 423
67 481
67 502
67 509
67 604
67 635
67 768
67 911
67 921
67 165
67 439
67 351
67 555
67 392
67 370
67 254
67 241
67 479
67 477
67 818
68 403
68 454
68 485
68 497
68 510
68 548
68 563
68 702
68 722
68 728
68 759
68 781
68 799
68 871
68 905
68 201
68 373
68 581
68 122
68 156
68 379
68 667
68 186
68 768
68 318
68 91
68 625
68 94
69 118
69 166
69 215
69 338
69 415
69 474
69 483
69 542
69 569
69 603
69 670
69 734
69 760
69 768
69 806
69 877
69 918
69 930
69 935
69 942
69 497
70 93
70 109
70 207
70 300
70 374
70 416
70 521
70 983
70 88
70 89
70 684
70 243
70 698
70 81
70 750
70 767
70 468
70 120
70 214
70 75
71 135
71 149
71 155
71 333
71 371
71 442
71 458
71 590
71 799
71 906
71 987
71 452
71 169
71 230
71 210
71 565
71 150
71 790
71 96
71 74
71 189
72 105
72 125
72 168
72 207
72 208
72 234
72 363
72 406
72 415
72 462
72 501
72 574
72 660
72 698
72 717
72 725
72 732
72 737
72 923
72 94
72 664
72 635
72 767
72 486
72 934
72 412
72 612
72 880
72 427
72 425
72 811
72 102
72 387
72 114
72 123
72 203
72 343
72 322
72 448
72 313
72 588
72 543
72 617
72 843
72 87
72 442
72 693
72 479
72 224
72 670
72 177
73 87
73 112
73 114
73 123
73 154
73 203
73 322
73 387
73 436
73 448
73 460
73 503
73 617
73 666
73 709
73 800
73 265
73 89
73 541
73 330
73 459
73 296
73 495
73 486
73 103
73 78
73 106
73 588
73 543
73 308
73 378
73 240
73 90
73 540
73 128
73 129
73 403
73 188
73 261
73 587
74 83
74 94
74 149
74 156
74 248
74 336
74 367
74 377
74 401
74 409
74 621
74 639
74 661
74 778
74 795
74 897
74 987
74 85
74 144
74 122
74 220
74 854
74 292
74 615
74 174
74 273
74 241
74 952
74 867
75 80
75 341
75 433
75 488
75 560
75 714
75 738
75 764
75 896
75 936
75 638
75 454
75 169
75 270
76 88
76 137
76 158
76 236
76 248
76 312
76 402
76 428
76 593
76 656
76 813
76 963
76 657
76 214
76 103
76 101
76 166
76 150
76 230
76 816
76 587
76 160
77 99
77 155
77 327
77 454
77 664
77 391
77 825
77 539
77 413
77 463
78 101
78 121
78 170
78 174
78 231
78 297
78 356
78 361
78 453
78 505
78 521
78 547
78 601
78 670
78 816
78 972
78 973
78 126
78 443
78 568
78 511
78 220
78 285
78 214
78 576
78 108
78 120
78 829
78 307
78 344
78 160
78 354
79 98
79 105
79 120
79 135
79 148
79 231
79 350
79 449
79 592
79 701
79 792
79 805
79 916
79 791
79 338
79 852
79 324
79 556
79 690
79 771
79 949
79 160
79 206
79 284
79 301
79 259
79 190
79 294
79 357
80 136
80 141
80 147
80 204
80 336
80 363
80 420
80 543
80 570
80 622
80 794
80 828
80 967
80 170
80 85
80 568
80 443
80 292
80 973
80 488
80 714
80 738
80 617
80 531
80 956
81 85
81 143
81 212
81 393
81 572
81 982
81 523
81 288
81 272
81 250
81 381
81 698
81 321
81 265
81 693
81 300
82 108
82 127
82 134
82 136
82 154
82 169
82 182
82 221
82 245
82 247
82 279
82 323
82 331
82 333
82 445
82 538
82 637
82 676
82 695
82 702
82 796
82 865
82 581
82 370
82 122
82 120
82 719
82 187
82 209
82 660
82 927
82 738
82 155
82 401
82 172
82 147
82 268
82 744
82 408
82 487
83 115
83 129
83 141
83 151
83 841
83 922
83 451
83 257
83 135
84 126
84 387
84 441
84 590
84 633
84 769
84 922
84 540
84 460
84 129
84 698
84 598
85 88
85 125
85 202
85 251
85 326
85 527
85 539
85 551
85 560
85 568
85 625
85 678
85 723
85 797
85 837
85 872
85 942
85 628
85 427
85 443
85 272
85 244
85 227
85 721
85 949
85 524
85 122
85 373
85 142
85 542
85 281
85 969
85 860
85 897
85 303
85 351
85 342
85 812
85 955
85 470
85 651
85 186
86 115
86 137
86 241
86 274
86 371
86 406
86 459
86 536
86 610
86 662
86 694
86 697
86 711
86 889
86 907
86 176
86 156
86 148
86 97
86 214
86 140
86 162
87 125
87 268
87 528
87 928
87 180
87 113
87 606
87 186
87 560
87 764
87 738
87 433
87 154
87 123
87 203
87 114
87 248
87 343
87 436
87 131
87 921
87 543
87 588
87 102
87 308
87 952
87 426
87 210
87 509
87 502
87 901
87 750
87 367
87 109
88 90
88 187
88 207
88 310
88 523
88 586
88 593
88 668
88 707
88 744
88 804
88 881
88 924
88 956
88 959
88 755
88 493
88 452
88 472
88 511
88 750
88 164
88 545
88 155
89 114
89 125
89 221
89 267
89 506
89 595
89 707
89 492
89 191
89 650
89 265
89 554
89 106
90 310
90 629
90 630
90 556
90 698
90 108
90 116
90 767
90 120
91 265
91 459
91 878
91 978
91 301
91 156
91 950
91 565
91 106
91 713
91 768
91 243
91 216
92 133
92 144
92 146
92 159
92 183
92 356
92 428
92 437
92 494
92 526
92 564
92 567
92 604
92 848
92 903
92 565
92 689
92 642
92 210
92 535
93 148
93 262
93 293
93 491
93 535
93 550
93 905
93 156
93 324
93 338
93 852
93 189
93 727
93 579
93 656
93 892
93 815
93 186
93 306
93 767
93 750
93 120
94 95
94 196
94 218
94 245
94 309
94 412
94 468
94 621
94 635
94 135
94 206
94 664
94 195
94 183
94 162
94 168
94 125
94 840
94 811
94 425
94 934
94 642
94 281
94 103
94 441
94 744
94 423
94 393
95 119
95 182
95 204
95 256
95 274
95 296
95 322
95 376
95 461
95 587
95 793
95 254
95 698
95 392
95 598
95 502
95 851
95 336
95 773
95 173
96 292
96 379
96 510
96 604
96 648
96 824
96 906
96 439
96 382
96 158
96 626
96 854
96 273
96 174
96 816
96 166
97 425
97 556
97 571
97 651
97 665
97 716
97 800
97 866
97 944
97 978
97 396
97 137
97 455
97 721
97 949
97 690
97 357
97 259
97 295
97 301
97 281
97 813
97 838
97 654
97 354
98 283
98 647
98 665
99 134
99 140
99 151
99 288
99 346
99 513
99 789
99 952
99 131
99 255
99 660
99 499
99 584
99 779
99 173
99 770
100 651
100 832
100 103
100 299
100 606
100 675
100 313
100 544
100 467
101 111
101 117
101 119
101 140
101 262
101 325
101 378
101 464
101 476
101 504
101 568
101 616
101 650
101 673
101 746
101 892
101 736
101 126
101 973
101 427
101 719
101 170
101 511
101 297
101 361
101 121
101 258
101 453
101 174
101 314
101 162
101 496
101 266
102 965
102 159
102 112
102 436
102 248
102 387
102 313
102 308
102 843
103 236
103 393
103 399
103 468
103 705
103 787
103 143
103 122
103 669
103 373
103 112
104 129
104 218
104 320
104 369
104 481
104 794
104 859
104 930
104 988
104 170
104 505
104 356
104 174
104 231
104 453
104 469
104 366
104 116
105 173
105 177
105 203
105 206
105 289
105 364
105 513
105 715
105 858
105 915
105 918
105 508
105 541
105 440
105 224
105 141
105 845
105 230
105 587
105 816
105 159
105 609
105 741
105 146
105 261
105 753
105 757
105 758
106 437
106 523
106 695
106 976
106 979
107 245
107 267
107 270
107 346
107 434
107 440
107 443
107 469
107 493
107 540
107 552
107 676
107 787
108 147
108 397
108 408
108 680
108 744
108 944
108 904
108 213
108 122
108 370
108 348
108 145
108 116
108 576
108 767
108 120
108 214
109 238
109 310
109 326
109 368
109 385
109 777
109 823
109 893
109 205
109 131
109 418
110 111
110 645
110 722
110 803
111 121
111 150
111 692
111 838
111 916
111 341
112 878
112 248
112 123
112 203
112 387
112 154
112 581
112 122
112 669
112 688
112 181
113 118
113 163
113 172
113 225
113 229
113 272
113 344
113 378
113 522
113 673
113 680
113 697
113 703
113 764
113 907
113 398
113 327
113 950
113 177
113 719
114 166
114 191
114 210
114 253
114 265
114 296
114 330
114 457
114 459
114 495
114 541
114 554
114 650
114 865
114 950
114 899
114 942
114 448
114 154
114 203
114 605
114 438
114 668
115 123
115 520
115 604
116 129
116 217
116 249
116 297
116 302
116 306
116 374
116 411
116 551
116 607
116 657
116 683
116 744
116 751
116 785
116 788
116 798
116 993
116 449
116 132
116 659
116 420
116 141
116 366
116 468
116 750
116 444
117 163
117 279
117 333
117 488
117 498
117 561
117 652
117 762
117 519
117 767
117 344
117 336
117 638
117 384
117 438
117 276
118 157
118 159
118 269
118 362
118 431
118 599
118 691
118 690
118 140
118 409
118 341
119 261
119 465
119 531
119 552
119 558
119 582
119 623
119 655
119 714
119 716
119 797
119 848
119 646
119 150
119 758
119 243
119 331
119 757
119 141
119 381
119 143
119 793
119 511
119 160
119 472
119 750
119 881
120 133
120 140
120 145
120 146
120 191
120 195
120 221
120 222
120 280
120 306
120 323
120 344
120 378
120 403
120 464
120 646
120 648
120 651
120 799
120 973
120 134
120 627
120 339
120 214
120 767
121 153
121 196
121 366
121 374
121 420
121 428
121 775
121 784
121 904
121 170
121 361
121 356
121 174
122 127
122 143
122 174
122 201
122 214
122 231
122 238
122 283
122 290
122 323
122 335
122 381
122 446
122 632
122 718
122 731
122 915
122 929
122 904
122 581
122 134
122 254
122 220
122 373
122 542
123 142
123 311
123 317
123 627
123 693
123 831
123 341
123 303
123 576
123 137
123 196
123 448
123 131
123 322
124 127
124 199
124 205
124 217
124 482
124 553
124 600
124 680
124 754
124 954
124 960
124 276
124 769
124 605
125 168
125 183
125 191
125 242
125 246
125 247
125 250
125 281
125 309
125 329
125 470
125 844
125 811
125 612
125 880
125 799
125 744
126 188
126 195
126 568
126 792
126 810
126 845
126 427
126 292
126 628
126 757
126 329
126 366
127 145
127 233
127 240
127 242
127 755
127 846
127 859
127 933
127 949
127 977
127 627
127 719
127 134
127 213
127 668
127 636
127 273
127 541
127 268
127 353
127 830
127 965
128 240
128 460
128 473
128 495
128 535
128 562
128 712
128 919
128 142
128 539
128 990
128 607
128 658
128 173
128 336
128 223
128 135
128 184
128 141
128 598
129 153
129 184
129 257
129 384
129 469
129 555
129 667
129 885
129 411
129 744
129 302
129 657
129 366
129 698
129 540
129 598
129 378
130 422
130 514
130 766
131 181
131 518
131 791
131 197
131 186
131 441
131 142
131 448
131 367
131 233
131 985
131 961
132 420
132 141
132 706
132 137
132 300
132 659
132 658
132 191
132 939
133 177
133 210
133 339
133 751
133 398
134 230
134 809
134 627
134 904
134 719
135 173
135 379
135 451
135 504
135 774
135 909
135 635
135 664
135 925
135 510
135 257
135 153
135 331
135 750
135 347
135 559
135 726
135 155
136 223
136 278
136 339
137 147
137 233
137 271
137 302
137 380
137 438
137 475
137 774
137 900
137 939
137 324
137 143
137 706
137 148
137 972
137 600
138 247
138 417
138 721
139 229
139 268
139 438
139 512
139 668
139 786
139 855
139 636
139 366
139 353
139 757
139 725
140 162
140 209
140 226
140 325
140 411
140 438
140 673
140 699
140 531
140 935
140 690
140 341
140 355
141 154
141 266
141 349
141 364
141 532
141 601
141 631
141 634
141 655
141 744
141 750
141 819
141 300
141 706
141 302
141 449
141 658
141 659
141 191
141 458
141 224
141 289
141 540
141 698
141 378
141 556
141 462
142 202
142 250
142 361
142 466
142 558
142 580
142 676
142 708
142 868
142 539
142 642
142 689
142 793
142 381
142 623
142 413
142 669
142 542
142 878
143 229
143 250
143 284
143 345
143 402
143 413
143 558
143 599
143 723
143 750
143 930
143 946
143 386
143 706
143 191
143 815
143 420
143 793
143 623
143 505
143 581
143 373
143 860
144 301
144 430
144 470
144 942
144 950
144 156
144 244
144 668
144 353
144 671
144 268
144 766
145 178
145 190
145 355
145 703
145 940
145 251
145 838
145 301
145 485
145 243
145 264
145 242
146 161
146 184
146 203
146 222
146 239
146 242
146 300
146 342
146 443
146 472
146 476
146 654
146 713
146 727
146 759
146 808
146 907
146 677
146 180
146 215
146 910
146 948
146 529
146 405
146 223
146 188
146 150
146 243
146 587
146 758
146 636
147 173
147 176
147 430
147 637
147 865
147 983
147 239
147 665
147 969
147 744
147 408
148 156
148 164
148 189
148 298
148 324
148 338
148 405
148 478
148 498
148 500
148 741
148 791
148 852
148 957
148 293
149 189
149 289
149 392
149 867
149 254
149 227
149 244
150 609
150 931
150 508
150 166
150 753
150 758
150 243
150 757
150 472
150 244
150 227
150 876
150 310
150 320
150 636
150 348
150 776
150 741
151 234
151 263
151 271
151 567
151 579
151 701
151 755
151 761
151 775
151 789
151 809
151 826
151 843
151 896
151 952
151 726
151 155
151 451
151 347
151 559
152 165
152 394
152 827
152 932
152 351
152 555
152 874
152 678
152 248
153 356
153 956
153 667
153 591
154 249
154 252
154 443
154 651
154 872
154 932
154 248
154 322
154 343
155 253
155 293
155 368
155 412
155 538
155 559
155 647
155 866
155 959
155 994
155 168
155 612
155 811
155 444
155 418
155 367
155 255
155 182
155 667
155 529
155 477
155 451
155 425
155 768
156 184
156 214
156 259
156 262
156 301
156 399
156 510
156 629
156 820
156 848
156 422
156 899
156 176
156 459
156 791
156 298
156 478
156 498
156 500
156 405
156 186
156 826
156 379
156 326
157 163
157 287
157 319
157 344
157 397
157 492
157 497
157 582
157 639
157 846
157 858
157 991
158 234
158 379
158 594
158 633
158 688
158 604
159 203
159 471
159 721
159 762
159 587
160 823
160 906
160 936
160 975
160 688
160 778
160 292
160 604
160 497
160 510
160 467
160 209
160 487
160 364
160 203
160 206
160 224
160 261
160 331
160 472
160 354
160 829
160 535
160 307
160 587
160 230
161 180
161 202
161 224
161 236
161 677
161 862
161 313
161 600
161 253
161 390
161 440
162 241
162 477
162 496
162 532
162 767
162 935
163 181
163 189
163 307
163 344
163 552
163 662
163 853
164 396
164 900
164 959
164 298
164 478
164 771
164 949
164 556
164 425
164 190
164 989
165 351
165 439
165 555
165 874
165 920
165 534
165 664
165 653
165 288
165 243
165 446
165 248
166 181
166 252
166 309
166 312
166 640
166 802
166 906
166 452
166 508
166 492
166 296
166 457
166 423
166 230
166 169
166 521
167 251
167 314
167 521
167 243
167 300
167 376
167 321
167 754
168 412
168 427
168 612
168 934
168 453
168 840
169 484
169 439
169 210
169 209
169 405
169 995
169 180
169 205
169 444
169 192
170 316
170 481
170 484
170 511
170 602
170 696
170 832
170 848
170 933
170 443
170 973
170 505
170 453
170 231
170 982
170 393
171 206
171 542
172 548
172 699
172 891
172 288
172 235
172 752
172 917
172 983
172 855
172 969
172 637
172 228
172 239
172 926
172 462
173 195
173 235
173 256
173 528
173 675
173 824
173 903
173 464
173 336
173 254
173 698
173 773
173 607
173 851
173 658
173 502
173 177
173 206
173 232
173 288
173 779
173 770
173 373
173 960
173 782
174 220
174 260
174 305
174 377
174 399
174 474
174 490
174 579
174 669
174 674
174 929
174 941
174 968
174 297
174 361
174 854
174 615
174 292
174 870
174 241
174 264
174 379
174 404
174 778
175 393
175 837
175 754
176 301
176 926
176 190
176 950
176 422
176 760
176 965
177 442
177 491
177 950
177 206
177 289
178 240
178 305
178 547
178 690
178 867
178 223
178 285
178 995
179 277
179 285
180 208
180 244
180 316
180 392
180 426
180 471
180 202
181 287
181 729
181 964
181 860
182 232
182 531
182 545
182 714
182 856
182 969
182 789
182 618
182 782
182 278
182 982
182 461
183 315
183 319
183 412
183 508
183 517
183 653
183 722
183 797
183 635
183 767
183 880
183 840
184 342
184 506
184 257
184 885
184 667
185 239
185 246
185 506
185 661
185 932
186 232
186 262
186 277
186 285
186 328
186 365
186 625
186 787
186 831
186 949
186 383
186 606
186 255
186 224
186 193
186 768
186 400
186 667
187 222
187 249
187 390
187 493
187 755
187 761
187 405
187 487
187 263
188 273
188 327
188 329
188 383
188 430
188 516
188 539
188 628
188 757
188 905
188 935
188 752
188 735
188 272
188 381
188 587
188 758
188 348
189 283
189 340
189 376
189 434
189 438
189 486
189 539
189 668
189 500
189 478
189 791
190 281
190 284
190 295
190 301
190 348
190 527
190 813
190 838
190 942
190 950
190 422
190 721
190 455
190 771
191 223
191 414
191 586
191 731
191 927
191 939
191 959
191 386
191 302
191 620
191 658
191 324
191 420
191 650
191 253
191 554
191 541
191 459
191 492
191 421
192 997
192 302
192 744
192 374
192 551
192 249
192 386
193 831
194 488
194 382
194 306
195 238
195 486
195 628
195 770
195 534
196 251
196 532
196 534
196 701
196 800
196 974
197 397
197 501
197 903
197 927
197 606
197 365
197 418
197 423
198 408
198 431
198 803
198 956
199 202
199 339
199 454
199 595
199 980
200 460
200 378
200 556
200 698
201 373
201 542
201 581
201 669
201 460
202 218
202 241
202 292
202 426
202 963
202 677
202 236
202 404
202 923
202 379
202 626
202 496
203 214
203 305
203 486
203 541
203 547
203 598
203 610
203 757
203 766
203 220
203 322
203 448
203 206
203 670
203 224
203 289
203 587
203 753
203 609
203 741
204 230
204 636
204 303
204 563
204 273
205 221
205 277
205 386
205 393
205 444
205 523
205 605
205 769
205 850
206 433
206 478
206 740
206 921
206 965
206 635
206 224
206 530
206 364
206 610
207 508
207 525
207 669
207 681
207 683
207 716
207 745
207 842
207 875
207 882
208 237
208 311
208 691
209 313
209 390
209 474
209 680
209 796
209 826
209 405
209 263
209 638
210 226
210 249
210 268
210 295
210 370
210 378
210 402
210 417
210 477
210 515
210 919
210 958
210 439
210 312
210 296
210 541
210 459
210 554
210 492
210 529
210 502
210 834
210 901
210 751
210 876
210 816
210 587
211 569
212 220
212 291
212 333
212 336
212 359
212 395
212 396
212 436
212 499
212 619
212 706
212 812
212 856
212 932
212 690
212 351
213 323
213 541
213 652
213 751
213 835
213 933
213 641
213 627
213 229
213 353
213 506
213 518
214 306
214 900
214 396
214 486
214 750
215 497
215 557
215 405
215 681
215 847
215 861
215 749
215 948
215 529
215 917
216 400
216 625
216 318
217 302
217 607
217 683
218 275
218 501
218 781
218 829
219 321
219 343
219 645
219 729
219 777
219 920
220 308
220 354
220 360
220 574
220 890
220 244
220 436
220 829
220 273
220 362
220 995
220 958
220 808
220 563
221 442
221 457
221 692
221 888
221 393
222 235
222 469
222 837
222 789
222 840
222 435
222 761
222 822
222 249
223 230
223 502
223 534
223 569
223 713
223 947
223 971
223 995
223 829
223 354
223 275
223 254
223 256
223 965
223 910
223 861
223 637
223 681
223 344
223 958
223 535
223 307
224 253
224 544
224 616
224 675
224 690
224 845
224 860
224 946
224 677
224 862
224 519
224 368
224 497
224 499
224 670
224 289
224 530
224 638
225 593
226 230
226 662
226 819
227 485
227 747
228 401
228 817
228 239
228 637
228 462
228 665
229 280
229 385
229 419
229 619
229 762
229 838
229 926
229 273
229 353
229 668
229 541
229 636
229 268
229 239
229 952
229 438
230 282
230 526
230 587
230 310
230 816
230 521
231 396
231 433
231 717
231 747
231 937
231 258
231 297
231 318
232 293
232 685
232 863
232 460
232 770
233 347
233 352
233 360
233 504
233 554
233 772
233 839
233 863
234 578
234 611
234 700
234 307
234 285
234 354
235 329
235 406
235 453
235 381
236 243
236 298
236 549
236 862
237 439
237 826
237 831
238 369
238 393
238 427
238 490
238 872
238 982
238 996
239 316
239 329
239 381
239 566
239 590
239 605
239 606
239 730
239 849
239 898
239 907
239 586
239 855
239 401
239 821
240 316
240 327
240 391
240 480
240 482
240 588
240 871
240 916
240 539
240 378
240 373
240 556
241 291
241 531
241 655
241 935
241 923
241 273
241 404
241 248
241 626
241 778
241 264
241 479
242 337
242 340
242 429
242 450
242 482
242 498
242 505
242 608
242 853
243 349
243 609
243 614
243 765
243 781
243 646
243 261
243 596
243 321
243 684
243 384
243 443
243 636
243 667
244 280
244 677
244 979
245 260
245 416
245 330
246 498
246 505
246 554
246 589
246 811
246 832
246 862
247 307
247 432
247 765
247 868
248 351
248 444
248 669
248 858
248 948
248 870
248 264
248 404
248 678
248 555
248 439
248 617
248 448
248 436
248 387
248 506
249 265
249 280
249 345
249 361
249 382
249 397
249 445
249 478
249 794
249 875
249 943
249 302
249 297
249 306
249 551
249 822
250 290
250 429
250 464
250 467
250 484
250 538
250 571
250 602
250 634
250 735
250 834
250 894
250 381
250 752
250 288
250 658
250 444
251 326
251 348
251 600
252 281
252 339
252 372
252 858
252 909
252 967
252 985
252 956
253 305
253 766
253 296
253 457
253 492
253 390
253 616
253 467
254 256
254 343
254 605
254 783
254 464
254 336
254 851
254 773
254 739
255 924
255 299
255 365
255 418
256 336
256 392
256 464
256 502
256 658
256 773
256 851
256 990
256 698
256 607
256 739
256 370
257 453
257 550
257 592
257 788
258 361
259 527
259 838
259 295
259 342
259 294
259 950
260 279
260 330
260 363
260 822
260 738
260 696
261 331
261 472
261 580
261 609
261 646
261 650
261 707
261 790
261 881
261 758
261 757
261 753
261 741
261 763
261 810
261 750
262 424
262 579
262 656
262 716
262 814
262 826
263 559
263 467
263 390
263 425
263 347
263 768
263 820
263 451
264 434
264 923
264 273
264 379
264 292
264 438
264 384
264 443
265 465
265 467
265 663
265 707
265 783
265 818
265 871
265 650
265 492
265 330
265 457
265 693
265 625
266 388
266 429
266 447
266 823
266 931
266 307
267 372
267 533
267 607
267 722
267 929
268 276
268 304
268 352
268 360
268 637
268 681
268 687
268 758
268 846
268 978
268 989
268 353
268 605
268 462
268 969
268 926
268 545
268 438
268 541
268 671
268 668
269 341
269 355
269 492
269 690
270 597
271 282
271 338
271 402
271 611
271 886
272 735
272 884
272 288
273 292
273 348
273 350
273 411
273 416
273 465
273 499
273 512
273 548
273 672
273 792
273 834
273 849
273 877
273 893
273 947
273 778
273 923
273 379
273 870
273 626
273 438
273 671
273 366
273 383
273 518
273 967
274 275
274 555
274 606
275 487
275 496
275 542
275 949
275 658
275 990
275 502
275 607
275 392
275 464
275 336
276 582
276 624
276 277
277 289
277 464
277 546
277 842
277 769
277 386
277 605
278 314
278 394
278 863
278 916
278 428
278 982
279 355
279 696
279 738
280 466
281 441
281 549
281 557
281 691
281 920
281 689
281 405
281 681
281 847
281 529
281 964
281 301
281 348
281 527
281 637
281 948
282 307
282 347
282 369
282 461
283 446
283 525
283 846
283 899
283 926
284 853
284 946
284 295
284 301
285 354
285 995
285 829
285 535
286 693
286 818
286 928
287 447
287 482
287 554
287 629
287 822
288 363
288 373
288 483
288 526
288 770
288 888
288 443
288 384
288 960
288 499
289 403
289 429
289 439
289 486
289 522
289 682
289 825
289 868
289 879
289 896
289 964
289 968
289 987
289 670
289 364
290 670
290 935
290 973
290 449
291 935
291 682
291 532
291 655
292 297
292 353
292 418
292 454
292 511
292 658
292 711
292 715
292 778
292 827
292 924
292 958
292 973
292 443
292 628
292 719
292 688
292 382
292 479
292 870
292 379
293 383
293 418
293 558
293 825
293 623
293 581
293 793
293 475
294 808
294 524
294 571
294 354
295 317
295 537
295 622
295 884
295 913
295 964
295 986
295 301
295 838
296 330
296 554
296 495
296 459
296 492
297 341
297 380
297 473
297 822
297 361
297 683
297 551
297 302
297 607
297 744
297 374
297 411
298 787
298 405
298 500
298 791
298 498
298 478
298 324
299 503
299 564
299 593
299 711
300 302
300 432
300 602
300 725
300 659
300 324
300 658
300 754
301 422
301 459
301 899
301 942
301 813
301 838
301 318
302 324
302 386
302 420
302 449
302 620
302 815
302 939
302 658
302 659
302 551
302 607
302 306
303 418
303 403
304 457
304 458
304 462
304 644
304 900
304 938
304 960
305 414
305 424
305 666
305 547
305 766
306 468
306 750
306 767
306 657
306 638
306 519
306 488
306 635
306 454
306 336
306 990
306 576
307 354
307 360
307 855
307 535
307 318
308 314
308 448
308 543
308 552
308 720
308 933
308 442
308 921
308 588
309 423
309 698
309 744
309 799
310 312
310 461
310 563
310 570
310 651
310 856
310 988
310 816
310 521
310 876
310 587
311 472
311 520
311 800
311 976
312 521
312 587
312 816
312 876
313 409
313 475
313 544
313 573
313 617
313 658
313 723
313 857
313 894
313 918
313 497
313 590
313 843
313 442
314 400
314 727
314 656
314 826
315 525
315 610
316 549
316 599
317 374
317 795
317 965
317 830
318 361
318 422
318 807
318 356
318 768
318 625
319 450
319 658
319 715
320 359
320 363
320 597
320 639
320 880
320 508
321 328
321 725
321 779
321 596
321 754
321 693
321 698
322 324
322 387
322 405
322 597
323 370
323 581
323 627
323 641
323 719
323 904
323 950
324 410
324 536
324 823
324 449
324 620
324 658
324 478
324 741
324 338
324 420
325 721
325 963
325 523
326 466
326 510
326 523
326 611
326 647
326 682
326 782
326 985
327 359
327 398
327 461
327 757
327 337
328 807
329 548
329 901
330 689
330 495
330 492
330 457
330 554
331 447
331 518
331 912
331 757
331 609
331 646
331 472
332 978
333 463
333 874
333 880
334 530
334 732
336 338
336 489
336 638
336 936
336 757
336 535
336 488
336 698
336 851
336 502
336 773
337 508
337 905
338 408
338 405
338 498
339 371
339 376
339 418
339 494
339 520
341 434
341 565
341 849
341 925
341 576
341 488
341 896
341 355
342 561
342 812
342 932
342 726
342 950
343 487
343 597
343 649
343 887
343 387
344 354
344 638
344 670
344 891
344 990
344 829
344 995
344 958
344 808
344 535
344 563
345 362
345 507
345 630
345 649
345 758
347 389
347 451
347 619
347 652
347 714
347 529
347 820
348 380
348 694
348 757
348 774
348 839
348 973
348 813
348 609
348 587
348 741
349 601
349 726
350 705
350 756
351 617
351 653
351 678
351 731
351 874
351 543
351 843
351 726
351 670
352 415
352 473
353 586
353 438
353 366
353 671
353 541
353 668
353 855
354 535
354 808
354 995
354 829
354 958
355 673
355 409
356 641
356 690
356 701
356 716
356 747
356 453
357 415
357 624
357 884
357 690
357 949
357 556
357 571
357 470
358 587
358 589
359 410
359 603
359 806
360 739
361 505
361 453
362 372
362 396
362 890
362 996
362 531
363 420
363 633
363 770
363 782
363 499
363 659
364 530
364 670
365 606
365 711
365 660
366 695
366 836
366 668
366 438
366 541
366 439
366 451
367 886
367 711
367 368
367 383
367 606
367 830
368 418
368 660
369 428
369 514
369 704
369 951
370 426
370 499
370 502
370 509
370 529
370 834
370 854
370 866
370 950
370 709
370 719
371 889
371 946
372 594
372 919
373 422
373 435
373 460
373 886
373 542
373 462
373 598
373 556
373 526
373 499
373 659
373 782
373 779
374 375
374 389
374 633
374 783
374 858
374 914
374 969
374 744
374 551
375 662
375 732
376 507
376 859
376 902
376 684
377 563
377 695
377 727
378 454
378 460
378 644
378 663
379 382
379 497
379 778
379 925
379 860
380 476
380 748
380 757
380 839
381 558
381 805
381 735
381 636
381 505
382 516
382 700
382 796
382 933
382 635
382 488
382 535
382 925
383 788
383 711
384 591
384 555
385 549
385 551
385 786
385 828
386 432
386 750
386 420
386 449
386 850
386 605
387 448
388 965
389 456
389 508
389 548
389 727
390 405
390 487
390 755
390 497
390 544
391 539
391 825
392 469
392 498
392 780
392 658
392 502
392 990
393 489
393 573
393 577
393 838
393 934
393 731
394 395
394 489
394 500
394 612
394 641
394 702
395 413
395 627
396 546
396 817
396 950
396 657
397 470
397 895
398 950
399 444
399 564
399 571
399 632
399 654
399 838
399 854
400 446
400 530
400 602
400 657
400 814
400 625
401 692
401 926
401 983
401 637
401 462
401 821
402 653
403 686
403 878
404 870
404 854
404 615
404 778
405 557
405 586
405 487
405 467
405 859
405 873
405 681
405 917
405 948
405 861
407 600
408 495
408 744
409 690
410 742
410 802
410 844
410 970
411 414
411 443
411 914
411 683
412 425
412 453
412 677
412 811
412 840
412 880
413 463
413 629
414 979
415 436
415 440
415 505
415 818
415 984
416 531
416 536
416 890
417 889
419 466
420 430
420 962
420 706
420 658
420 620
420 750
421 467
421 660
421 815
421 892
421 461
421 545
422 734
422 899
422 942
422 770
424 793
424 840
425 448
425 452
425 559
425 970
425 427
425 721
425 455
425 750
425 651
425 654
425 667
425 451
425 726
425 529
426 636
426 761
426 865
426 885
426 529
426 834
426 854
426 866
426 725
427 568
427 743
427 885
427 900
427 443
427 736
427 452
427 657
427 677
428 474
428 789
428 840
428 782
429 703
429 777
430 599
430 632
430 902
430 757
431 845
431 894
432 945
433 495
433 537
433 567
433 607
433 914
433 896
433 738
434 814
434 928
434 716
435 840
435 770
436 509
436 575
436 724
436 869
436 934
436 988
436 995
436 448
436 535
437 565
437 713
437 822
437 948
437 601
437 847
438 839
438 849
438 485
438 446
438 636
438 541
438 855
439 525
439 599
439 836
439 906
439 790
439 731
439 920
439 874
440 824
440 675
440 690
440 616
440 590
441 619
441 689
442 543
442 566
442 843
443 456
443 511
443 620
443 643
443 656
443 732
443 938
443 719
443 452
443 973
443 485
443 446
444 538
444 887
445 522
445 610
446 582
447 770
448 481
448 578
448 666
448 801
449 815
449 658
450 612
451 477
451 559
451 667
451 671
451 726
451 768
451 820
451 529
452 810
452 736
452 565
452 508
452 587
453 508
453 811
453 934
453 612
454 488
454 796
454 638
454 866
454 767
455 571
455 651
456 573
456 756
456 866
456 893
457 894
458 655
459 950
459 899
459 942
459 650
460 462
460 540
460 556
460 598
460 698
460 654
461 516
461 545
461 588
461 603
461 687
462 637
462 860
462 556
462 983
462 926
462 917
462 855
464 540
464 553
464 990
464 502
464 903
464 658
464 773
465 515
465 578
465 581
465 612
465 648
465 765
466 570
467 575
467 692
467 737
467 638
467 487
467 660
467 815
467 544
467 600
467 860
467 590
467 675
469 726
470 556
470 566
470 859
472 598
472 741
472 753
472 810
473 481
473 979
474 653
474 882
475 532
475 610
475 623
475 842
475 971
475 793
475 558
475 709
475 581
476 643
477 682
477 667
477 768
477 726
478 500
478 741
479 778
479 870
479 854
479 626
479 923
479 730
480 686
481 513
482 785
482 911
483 588
483 779
483 499
483 782
483 659
483 770
484 485
484 579
484 647
484 996
485 672
485 903
485 970
485 986
486 715
486 835
486 852
486 547
486 961
487 929
487 979
488 535
488 767
488 780
488 924
488 975
488 638
488 866
488 714
488 896
490 607
490 671
490 724
491 585
491 634
491 672
492 652
492 869
492 916
492 554
492 541
493 529
493 532
493 575
493 596
493 618
493 807
493 894
493 972
493 822
493 649
495 718
495 899
495 650
496 532
497 544
497 510
497 675
498 791
499 544
499 675
499 901
499 529
499 960
499 779
500 873
500 741
500 852
501 718
502 739
502 658
502 773
502 903
502 866
502 901
502 854
503 672
503 705
503 711
504 646
505 623
505 739
505 915
505 951
506 585
506 835
506 985
507 527
508 673
508 713
508 906
508 962
508 790
508 749
508 637
508 529
508 861
508 917
508 557
509 648
510 929
510 604
511 568
511 973
511 719
511 750
511 881
512 668
512 636
512 605
512 541
512 786
513 878
516 535
516 694
518 712
518 945
518 947
518 967
518 956
519 638
520 561
520 815
520 821
521 954
521 587
521 816
521 876
522 616
523 735
523 833
523 878
524 992
524 761
524 571
524 556
524 690
524 721
525 573
526 621
526 724
527 646
527 865
527 895
527 813
529 557
529 559
529 709
529 875
529 681
529 964
529 859
529 873
529 637
529 861
529 713
529 854
529 901
529 768
530 736
530 670
531 913
531 935
532 654
532 832
532 990
532 655
533 542
533 624
533 639
533 772
533 824
533 937
534 635
534 841
535 699
535 891
535 767
535 958
535 995
535 950
536 893
538 658
539 571
539 628
539 757
540 701
540 598
541 554
541 610
541 671
541 605
542 622
543 617
545 931
545 989
546 780
546 837
546 902
547 829
547 958
547 995
548 622
548 908
549 740
549 610
549 768
551 744
554 649
554 650
555 648
555 760
555 920
555 731
555 617
556 949
556 698
557 681
557 847
557 859
557 860
557 867
557 873
557 917
557 964
557 601
558 581
558 623
558 636
558 709
558 793
559 671
559 726
560 628
560 982
560 789
560 764
560 896
561 736
562 757
562 638
563 808
563 874
563 940
564 577
564 659
564 590
564 680
565 906
567 582
567 672
568 628
568 719
568 736
568 973
569 619
569 997
570 615
571 705
571 771
572 704
573 633
573 790
575 700
575 781
575 996
577 620
577 680
577 731
577 742
577 840
577 782
579 643
579 676
579 656
580 646
580 609
581 719
581 641
581 709
582 741
584 659
584 960
584 779
584 782
585 681
585 775
585 792
586 748
586 923
587 757
587 834
588 685
588 745
589 992
590 825
590 943
590 980
590 600
593 603
593 718
594 712
596 957
596 754
597 700
598 613
598 773
600 737
600 831
601 687
601 707
601 713
601 847
601 861
603 921
605 668
605 985
605 671
605 636
605 786
605 850
607 773
607 657
607 683
607 851
607 903
607 698
607 658
607 990
608 766
609 636
609 741
609 757
609 758
610 740
610 746
610 856
610 891
611 902
612 880
612 934
615 854
615 870
616 675
616 845
616 860
617 843
617 921
618 668
618 789
618 782
619 624
619 709
619 890
619 642
620 815
620 659
621 700
622 666
622 834
622 899
623 709
624 772
625 667
625 768
626 681
626 870
626 730
627 727
627 856
627 904
630 870
632 783
632 994
632 917
633 785
633 947
634 746
634 940
635 664
635 767
635 891
635 990
635 866
636 725
636 751
636 646
636 753
636 757
636 709
636 671
636 668
637 665
637 821
637 855
637 917
637 926
637 969
637 983
637 861
637 948
637 910
638 767
638 990
638 923
638 695
640 821
641 785
641 719
641 904
643 816
644 836
646 679
646 850
646 963
646 971
646 741
646 757
648 692
649 729
649 746
653 891
653 874
654 661
654 689
654 970
656 826
656 814
656 716
658 939
658 750
658 815
658 706
658 698
658 851
658 990
659 939
659 782
660 756
660 989
660 815
661 761
661 797
662 674
663 911
663 919
663 994
664 734
664 789
664 767
665 803
665 804
665 855
665 897
665 969
667 885
667 768
667 726
668 801
670 678
670 726
670 690
673 849
673 887
674 779
674 794
675 860
676 743
676 944
677 799
677 880
678 690
678 726
678 812
678 955
678 731
679 759
679 905
680 744
681 691
681 867
681 873
681 964
681 749
681 948
684 941
684 991
684 698
684 693
685 876
685 923
685 983
687 791
688 925
688 969
690 841
690 932
690 771
691 902
692 925
693 940
693 698
693 818
693 928
694 973
695 776
695 923
696 719
696 864
697 719
698 773
698 744
698 903
700 936
703 852
704 791
705 911
705 787
706 750
706 911
708 741
709 754
709 847
713 910
713 917
713 847
713 948
714 896
718 745
718 833
719 736
720 942
721 771
726 810
726 876
726 812
726 820
726 768
727 814
728 875
728 984
731 874
731 920
734 839
735 752
736 777
736 820
736 973
738 862
739 990
740 768
741 760
741 830
741 758
741 776
743 909
744 971
744 980
747 958
749 910
749 917
750 818
750 881
750 939
750 815
750 810
751 756
751 964
751 763
752 907
753 758
753 757
753 776
754 801
757 776
757 923
757 766
761 782
761 898
761 822
762 903
763 934
764 857
766 769
767 891
768 820
773 903
773 851
774 805
774 854
774 910
775 784
776 904
776 896
778 854
778 925
778 923
779 888
780 860
780 884
780 928
781 872
782 795
782 982
786 940
788 843
789 852
789 840
791 852
792 947
793 847
793 942
798 870
801 908
802 943
803 883
806 991
808 950
808 829
808 995
809 962
810 842
811 880
811 840
812 932
813 816
813 930
815 837
816 876
817 896
817 954
819 953
821 855
821 969
822 904
822 992
825 862
827 915
828 969
828 974
829 920
829 995
830 965
833 951
834 866
835 956
835 967
843 887
843 921
844 987
847 859
847 860
849 862
850 895
851 990
854 870
854 923
855 993
859 867
860 873
860 917
860 946
861 917
861 948
862 945
866 891
873 964
877 912
877 976
878 898
889 980
891 974
892 994
892 927
898 985
899 924
899 950
900 972
902 955
903 990
904 951
904 923
907 983
909 972
910 917
914 988
915 955
917 948
917 983
917 926
920 958
922 981
922 997
923 981
928 945
932 955
937 975
941 953
950 968
950 995
958 995
959 989
961 967
